000001 0.0153964 -19.6617 -31.3471 29.1349 44.7833
000001 0.0117994 327.105 -31.2336 378.936 44.3187
000001 0.0115901 335.916 -19.8184 369.72 32.275
000010 0.982777 81.4949 99.6646 288.297 412.704
000018 0.621397 47.9736 29.9461 379.369 287.891
000022 0.996195 90.8511 100.159 373.269 285.778
000025 0.14832 75.3 133.725 425.051 378.515
000025 0.050656 60.0496 76.2311 267.178 353.64
000025 0.0201776 3.58048 77.5388 64.5468 244.419
000025 0.0128956 71.5207 31.4293 209.02 231.898
000045 0.0197089 -28.6771 346.105 41.3625 404.287
000045 0.0168811 463.676 347.369 536.347 404.001
000045 0.015947 -27.9561 -23.46 41.2694 33.5901
000045 0.0140566 467.632 361.519 531.061 388.774
000045 0.0122293 463.363 -23.5495 536.732 33.7721
000045 0.0117273 482.647 348.503 516.835 400.514
000045 0.0116338 467.579 -9.37761 532.466 19.1059
000056 0.989697 153.729 51.3746 414.766 339.486
000057 0.016 155.578 59.9858 386.92 381.136
000069 0.0511752 407.446 179.554 505.635 248.088
000069 0.0119229 429.614 183.015 488.126 225.197
000069 0.0103794 446.136 173.009 495.512 214.556
000086 0.145328 226.474 146.067 272.125 180.694
000086 0.0176898 271.633 116.51 297.287 152.237
000086 0.0129114 308.799 137.478 348.609 170.386
000096 0.0152941 -18.4572 -31.4908 27.1534 44.7657
000116 0.0126195 -20.8798 462.626 30.2705 539.812
000128 0.029923 377.307 205.813 433.842 279.275
000137 0.0444911 94.1328 300.804 321.093 470.582
000139 0.0111276 112.393 66.5499 249.121 278.081
000166 0.992375 42.3462 158.663 239.85 327.874
000166 0.129246 223.46 208.954 294.487 315.378
000166 0.0445863 70.5944 123.033 178.554 282.743
000166 0.0268684 -1.02887 168.05 37.1411 291.97
000166 0.0169154 231.052 242.744 265.058 310.255
000166 0.0102324 34.8125 160.774 91.2878 287.914
000166 0.010143 228.62 180.751 342.644 323.048
000166 0.0100125 244.164 187.433 313.238 289.55
000168 0.951846 75.0311 123.173 209.53 435.138
000178 0.0100566 -27.4373 -23.3902 40.177 34.1474
000201 0.0340219 330.705 61.9631 393.052 116.473
000201 0.0152294 321.612 39.3506 382.33 100.016
000201 0.0137659 313.138 75.1571 389.039 140.488
000201 0.0103108 349.71 69.8084 383.862 125.193
000212 0.0196813 260.497 112.382 450.573 207.781
000237 0.996916 62.8143 61.6364 380.399 315.116
000239 0.0334231 32.795 169.909 98.7093 230.745
000248 0.172417 91.5101 91.4313 288.58 266.137
000258 0.624194 182.019 126.185 382.597 345.246
000258 0.0127662 307.845 34.5017 494.366 344.351
000267 0.966032 66.2785 67.717 316.523 492.159
000267 0.0124633 169.336 169.32 335.462 488.01
000271 0.0129189 332.394 188.14 356.57 227.526
000273 0.0625789 238.728 149.951 293.443 184.662
000281 0.0108956 253.308 103.288 349.013 149.993
000281 0.0100082 191.296 109.688 274.188 155.252
000283 0.0268389 98.904 145.366 185.391 326.829
000290 0.234051 51.8099 85.5958 339.292 464.663
000292 0.0137194 -27.6989 -23.6905 41.1039 33.5933
000297 0.115145 101.678 103.69 244.636 395.296
000319 0.998533 47.5696 83.8835 303.028 297.553
000319 0.0872867 304.448 188.634 377.277 255.94
000319 0.0105732 128.479 69.4879 245.186 255.164
000324 0.0166199 -27.8109 -23.3159 41.4395 33.5252
000330 0.99844 75.3837 62.4045 362.552 326.271
000330 0.0450562 128.216 52.8177 329.744 230.7
000330 0.0130922 71.6051 141.18 166.309 223.245
000342 0.0144525 -28.4132 347.533 40.6426 404.955
000345 0.0290586 251.692 114.239 508.73 257.953
000348 0.0108272 2.18523 160.19 80.4254 207.912
000356 0.970799 111.474 166.521 230.86 477.323
000356 0.011875 93.8262 115.636 239.634 335.952
000376 0.0526662 228.804 144.773 263.168 181.396
000378 0.969915 37.1634 60.6225 206.736 307.28
000378 0.0117849 71.6363 17.6334 160.002 286.044
000386 0.0258562 291.517 158.391 434.066 269.677
000392 0.85815 133.567 107.852 359.592 310.139
000392 0.04549 116.432 94.0281 267.722 239.442
000392 0.0327408 190.007 76.6803 300.515 254.264
000392 0.0236967 192.016 157.625 325.588 312.714
000392 0.0156207 358.668 184.5 438.316 228.199
000392 0.0111534 348.885 188.273 384.547 227.368
000392 0.0100222 145.973 152.915 272.254 300.47
000393 0.998908 145.671 111.48 422.831 306.27
000410 0.762607 132.774 223.087 254.254 326.71
000410 0.0524582 208.153 231.787 271.745 328.161
000410 0.0184795 264.477 231.686 314.623 321.293
000410 0.017856 165.177 229.351 331.41 329.523
000410 0.0146707 233.739 241.405 283.155 333.417
000412 0.591869 49.2325 108.557 384.082 330.847
000413 0.0986988 229.929 -19.4066 485.735 381.292
000432 0.0522752 222.368 198.835 269.747 237.643
000432 0.0502796 318.742 197.313 367.19 236.244
000434 0.999215 85.3293 74.7228 423.289 341.945
000437 0.0160008 96.9302 142.212 130.537 215.262
000445 0.971592 264.681 87.3233 481.255 254.093
000445 0.935391 4.91139 66.1103 159.809 258.194
000445 0.913934 150.075 58.9144 316.177 254.484
000445 0.60646 59.7112 69.3727 239.681 256.232
000445 0.024665 219.442 73.6505 367.561 254.049
000445 0.0163181 321.218 73.1228 451.59 218.035
000445 0.0131 136.423 153.599 281.599 260.086
000445 0.0114131 154.572 58.073 264.554 191.197
000451 0.0139878 1.54018 4.04175 461.17 335.145
000455 0.994531 114.359 85.6718 474.216 305.411
000458 0.0163873 168.911 48.7938 399.61 333.916
000466 0.0802985 246.454 103.326 343.994 259.08
000467 0.038078 201.625 151.187 266.275 217.986
000467 0.0241797 230.836 154.802 263.911 212.319
000467 0.0222855 84.1273 154.208 171.607 260.421
000475 0.0159827 329.667 85.5519 370.156 128.561
000475 0.0141068 337.809 78.3077 398.177 132.979
000485 0.0448665 2.03086 111.7 487.175 332.03
000504 0.0742081 351.351 90.2988 500.842 375.56
000521 0.0450207 261.447 121.465 465.842 314.641
000527 0.020404 213.705 139.864 284.685 201.455
000527 0.0195496 150.316 164.813 213.609 239.737
000527 0.0187399 336.114 132.754 399.341 194.686
000539 0.101022 48.8122 228.953 482.786 367.009
000551 0.034674 10.9453 27.8547 498.053 374.307
000557 0.0148144 85.5141 133.432 165.462 194.371
000572 0.0113598 -27.4899 -20.2039 41.2236 29.9747
000594 0.0142191 66.167 77.5896 498.666 316.15
000596 0.0112151 70.4587 291.213 115.1 314.82
000604 0.969359 30.0056 221.81 271.079 463.495
000604 0.106771 105.208 176.839 241.18 408.503
000604 0.0427325 173.289 215.138 287.745 447.029
000611 0.160265 213.234 3.68331 481.214 302.292
000616 0.501726 13.6695 94.3672 316.773 406.354
000623 0.978845 118.988 52.0791 219.726 195.385
000630 0.0227843 302.585 211.775 380.905 299.088
000638 0.0109553 347.072 462.584 402.549 539.758
000644 0.0159696 -28.5839 347.488 40.9449 404.731
000644 0.0114745 -27.3633 -22.6827 40.7948 32.6846
000644 0.01002 463.123 347.288 537.338 404.718
000666 0.934591 41.2123 117.85 312.151 322.242
000666 0.0331119 289.517 165.587 354.568 228.132
000666 0.0169302 77.6845 111.676 469.693 268.824
000666 0.0159424 22.8345 150.469 126.521 321.763
000666 0.0100621 163.285 111.325 304.664 294.122
000669 0.069004 191.482 155.627 223.865 232.016
000687 0.0220622 250.196 35.6028 304.263 92.6804
000692 0.0405385 71.1916 196.667 472.107 333.079
000697 0.0197103 158.827 234.035 209.056 344.128
000704 0.920803 29.5657 88.9937 386.476 342.924
000704 0.0743978 69.6425 99.04 210.225 327.782
000704 0.0656798 18.0514 88.2339 148.131 323.389
000704 0.0222755 -9.79487 74.6823 83.0314 323.634
000704 0.0111045 135.486 158.758 334.115 338.072
000718 0.0555119 4.59081 4.46527 268.736 298.228
000725 0.273362 180.715 160.201 214.031 220.449
000725 0.0953177 59.2716 163.13 121.235 218.855
000725 0.020151 250.569 164.477 284.97 216.535
000725 0.0192149 350.971 145.196 385.559 209.304
000734 0.0241358 275.685 97.1068 341.504 159.3
000734 0.0137187 379.224 164.031 464.401 280.777
000749 0.0137269 -27.7318 347.871 40.7813 404.637
000758 0.0126016 463.5 -23.4238 536.849 33.4603
000758 0.0117708 467.64 -9.2896 532.107 18.8039
000775 0.0173663 84.5203 253.04 435.909 463.033
000783 0.999189 104.248 111.524 444.245 395.487
000783 0.0128937 186.414 66.3298 348.017 285.903
000836 0.91282 78.2874 135.65 225.04 426.682
000840 0.0118246 -28.1603 361.259 41.6237 388.312
000864 0.0130059 15.7629 1.50336 83.9743 69.735
000866 0.998094 131.151 174.774 387.845 362.923
000866 0.102359 177.997 127.559 284.094 321.95
000866 0.0274429 142.453 153.589 213.023 323.176
000866 0.0174467 254.965 64.5361 468.639 308.034
000866 0.0116241 155.933 179.241 332.499 241.315
000873 0.0131295 61.9592 47.5739 351.62 478.198
000907 0.0351285 11.9118 155.689 428.669 315.477
000913 0.0400032 12.7174 3.89732 350.347 293.832
000925 0.0216005 311.483 108.217 450.21 339.741
000925 0.0168746 39.313 95.6119 215.429 356.358
000927 0.0107773 476.062 -13.2225 523.496 21.3753
000927 0.0106426 463.306 -20.7068 537.154 29.6494
000930 0.0107862 155.915 92.1222 329.763 271.453
000957 0.356338 124.871 22.5524 346.556 374.015
000957 0.0309823 23.88 13.3886 253.107 372.722
000978 0.0231178 149.854 286.384 495.344 378.064
000986 0.86595 135.669 120.307 328.458 269.409
000986 0.636203 233.339 153.603 375.191 289.283
000986 0.297903 59.3764 123.371 231.307 234.904
000986 0.0733626 349.141 134.543 478.727 220.869
000986 0.0577914 98.9274 127.144 364.07 204.011
000986 0.0317802 3.86438 129.88 68.8867 202.404
000986 0.0264326 227.054 140.166 449.496 248.258
000986 0.0215748 301.518 127.443 437.887 210.835
000986 0.0210922 48.5891 130.695 154.509 206.535
000986 0.0195381 206.275 116.051 344.231 178.488
000986 0.0165689 156.173 105.587 323.796 155.498
000986 0.014626 422.074 135.645 498.862 218.246
000986 0.0106462 130.686 119.997 285.344 173.113
000986 0.0105616 288.324 133.009 380.594 198.091
000998 0.0150749 -18.5271 -31.2223 27.4016 44.6278
001006 0.057294 294.808 276.174 377.047 332.01
001013 0.94622 221.845 29.2765 499.339 316.887
001026 0.0434956 71.254 155.579 299.08 415.786
001031 0.0176482 59.9708 139.847 302.953 452.345
001037 0.130891 317.268 103.984 464.211 211.577
001037 0.0293045 36.1531 38.1784 138.492 195.986
001040 0.0167015 -28.6933 308.365 40.6295 359.184
001063 0.907149 11.9207 156.517 373.088 315.462
001063 0.0361702 5.34358 216.883 278.637 318.152
001063 0.0157612 265.624 160.498 330.982 219.952
001076 0.0128436 463.233 347.571 536.878 404.422
001076 0.0107456 476.106 355.624 524.669 393.93
001088 0.189802 13.5143 12.9203 483.174 400.814
001100 0.0201012 114.074 145.845 323.504 303.785
001108 0.0153839 -28.0806 -23.5096 41.238 33.6902
001108 0.0128132 463.974 -23.4517 536.85 33.4283
001108 0.0118392 467.843 -9.39381 532.585 18.9977
001108 0.0114414 -28.4238 361.325 42.0861 388.354
001114 0.992878 198.489 113.118 391.77 309.941
001120 0.0898648 280.451 187.834 345.677 239.141
001120 0.0845392 114.598 159.732 172.179 196.979
001120 0.0732951 404.715 208.385 466.495 254.741
001120 0.0630693 221.318 174.555 278.799 236.317
001120 0.0156324 276.454 190.022 307.44 240.337
001120 0.0128859 6.02725 120.159 42.6868 148.876
001123 0.0115588 208.066 56.4834 413.03 314.096
001146 0.591882 27.3998 37.9529 134.346 250.389
001180 0.193542 35.4362 120.15 315.834 509.873
001183 0.998529 147.653 146.13 354.499 346.834
001183 0.652155 74.2619 161.714 179.396 283.676
001183 0.0534634 194.931 113.901 307.49 295.156
001183 0.0200854 100.168 146.139 222.94 297.099
001183 0.0162704 40.5245 167.667 95.8255 282.239
001183 0.0157174 86.986 144.536 148.821 256.04
001183 0.0111738 69.3325 222.812 174.079 291.729
001190 0.0120686 -27.4455 346.461 41.2696 405.12
001202 0.0228765 24.5338 124.753 251.476 326.351
001208 0.0144136 -0.905305 55.5874 338.797 360.615
001222 0.0281624 100.871 173.325 486.596 350.099
001222 0.0186676 82.9309 164.602 149.72 225.193
001222 0.012592 106.939 163.107 177.849 225.025
001222 0.0121444 -0.149591 251.808 45.2493 370.73
001235 0.0202574 132.714 124.712 362.25 322.524
001245 0.888768 226.277 115.495 352.58 248.179
001245 0.0581179 227.989 134.546 291.783 242.454
001245 0.0138709 216.377 177.732 280.204 244.545
001245 0.012908 286.705 121.524 356.271 236.932
001245 0.0121345 2.66825 150.586 36.3282 214.724
001245 0.0117053 195.531 147.762 261.326 240.404
001245 0.0111152 38.262 156.774 70.8911 188.511
001253 0.0143502 -21.0109 -31.4518 30.8884 45.1406
001271 0.05639 287.136 56.0066 346.267 132.029
001271 0.0252991 45.9133 62.8248 477.284 366.033
001275 0.0187415 324.052 119.138 391.237 180.583
001275 0.0129701 365.157 137.667 399.076 191.97
001300 0.966595 77.1276 104.294 257.441 428.33
001301 0.0100244 -29.2763 361.387 42.0469 387.844
001303 0.0160849 -28.4543 347.674 40.7155 404.742
001317 0.927678 9.41301 3.35851 190.382 263.813
001320 0.999463 152.823 99.6121 396.948 298.059
001320 0.0271085 196.549 81.6528 321.355 256.006
001321 0.0113331 -27.3977 -20.3803 41.016 29.85
001329 0.0929498 57.178 151.493 82.2558 192.777
001329 0.0199338 50.2039 148.165 109.994 196.342
001329 0.017015 58.8276 158.401 100.244 187.162
001335 0.0130061 452.892 166.112 483.225 198.912
001366 0.0104149 67.4698 195.704 127.284 324.071
001370 0.0120213 19.1683 111.458 229.728 472.083
001398 0.963503 15.8699 3.5097 251.615 172.151
001403 0.0146556 257.686 181.227 324.723 245.552
001412 0.997962 202.076 107.924 381.35 288.103
001412 0.559503 194.733 95.4982 292.054 278.137
001412 0.0101526 268.582 105.962 392.041 231.184
001417 0.998167 69.1899 71.8501 360.597 382.15
001417 0.0186432 131.765 52.8984 331.428 251.89
001452 0.991419 94.1542 260.838 252.748 504.064
001452 0.0748878 104.064 209.683 240.41 393.909
001454 0.0113914 233.155 170.909 299.669 261.028
001462 0.0212937 323.195 166.791 389.099 229.278
001471 0.212277 165.596 120.936 301.79 404.505
001473 0.0239125 1.75434 149.777 42.1486 244.649
001476 0.0137386 85.8377 112.004 129.311 143.501
001477 0.0341784 11.6591 0.991814 66.4571 82.8722
001496 0.0195645 204.053 42.4563 326.97 259.937
001502 0.017343 140.031 101.383 343.658 359.357
001503 0.0270632 390.243 114.834 423.677 166.591
001503 0.0125489 379.391 117.731 435.815 180.784
001507 0.0548044 10.097 1.28505 342.529 272.605
001534 0.0125225 463.317 346.756 537.137 404.07
001534 0.010638 476.558 355.703 523.078 393.799
001538 0.019179 364.512 224.205 415.915 290.936
001538 0.0100641 433.91 238.54 491.394 322.244
001567 0.013579 138.95 379.608 168.292 442.727
001574 0.248971 28.4895 114.846 223.51 486.288
001574 0.0166617 -18.2013 457.895 28.8975 538
001574 0.0138787 307.67 463.496 356.358 538.906
001574 0.012528 -18.9848 481.027 27.1172 517.49
001574 0.0118482 310.845 482.26 352.166 517.736
001575 0.0152625 15.1737 226.702 76.8655 292.195
001583 0.0264694 29.1242 50.0915 263.881 367.139
001589 0.759663 339.628 100.359 436.083 300.383
001589 0.605189 14.7125 -17.3631 249.244 318.253
001613 0.0139679 -27.92 -23.5954 40.8767 33.3076
001616 0.0103954 403.004 219.945 469.422 281.31
001616 0.0101208 -26.4343 -22.3101 40.5111 33.8844
001624 0.999597 180.845 128.172 404.24 265.84
001624 0.0322584 166.663 142.171 280.747 238.116
001624 0.0222653 168.853 130.105 237.75 211.975
001624 0.0217968 198.706 114.516 330.169 237.419
001624 0.0111619 170.032 146.328 343.447 195.086
001625 0.0903153 134.03 174.75 233.446 263.393
001625 0.042901 242.232 135.95 309.984 208.764
001625 0.0203594 193.143 154.97 262.619 218.115
001625 0.0125328 159.987 163.965 243.378 233.406
001635 0.272777 455.256 132.334 497.151 169.349
001635 0.065611 102.771 140.689 123.492 177.632
001635 0.0585176 265.442 137.384 301.252 169.866
001635 0.0557018 128.006 137.777 157.979 174.346
001635 0.0386116 101.052 133.415 155.408 182.264
001635 0.0323107 281.828 137.882 318.958 170.444
001635 0.0277413 301.4 133.292 323.719 166.983
001635 0.027507 251.994 125.612 318.314 170.501
001635 0.0214075 113.286 138.707 126.635 173.451
001635 0.0170617 118.432 143.084 142.481 167.589
001635 0.0136193 104.592 137.066 130.838 158.209
001635 0.0102588 115.702 136.69 140.003 158.576
001639 0.0230813 77.6408 89.5938 287.12 338.585
001639 0.0154459 215.961 30.7648 510.218 342.075
001641 0.136535 188.245 72.4492 401.596 365.764
001655 0.0316983 45.2813 -10.05 505.494 382.884
001656 0.0298038 198.849 112.714 351.368 254.087
001664 0.381371 68.4706 -0.899378 320.099 329.832
001679 0.014537 26.7695 234.99 375.169 484.674
001692 0.994176 76.7874 53.6727 249.63 215.705
001692 0.0205978 115.703 32.9321 216.5 151.324
001697 0.0105103 265.167 212.366 350.694 276.525
001703 0.977329 25.6996 8.46354 484.254 304.519
001716 0.252344 108.321 110.299 178.074 192.48
001716 0.154318 254.434 152.742 314.81 231.686
001722 0.0149636 -27.9188 -23.7447 41.1345 33.63
001722 0.0113518 476.01 -15.0848 523.693 24.2388
001722 0.01134 463.372 -23.4193 536.998 33.4732
001751 0.0126742 463.194 307.4 536.734 358.156
001751 0.0112851 467.54 320.144 531.613 344.112
001753 0.0132207 -28.0538 361.182 40.512 388.483
001762 0.0154365 -27.9981 347.436 40.9511 404.792
001764 0.0563099 135.121 99.4011 219.688 150.515
001764 0.027805 275.235 101.007 351.151 150.3
001764 0.0154134 100.208 97.1418 145.766 136.924
001769 0.402391 222.402 111.286 485.907 369.242
001769 0.222449 68.5384 50.7698 269.586 372.938
001769 0.0465494 119.057 38.6048 387.825 385.416
001769 0.0127697 231.679 89.0468 357.494 351.801
001794 0.764725 39.5821 75.0803 151.543 280.713
001794 0.0307198 83.3431 126.671 150.157 307.552
001794 0.011105 77.1178 214.891 142.572 304.491
001796 0.0908314 40.997 103.204 462.125 286.488
001802 0.0415688 274.317 136.247 480.486 302.633
001803 0.0117519 2.77142 215.067 65.168 265.081
001819 0.973253 113.287 105.825 261.862 441.766
001819 0.042199 144.347 358.804 200.765 446.532
001819 0.0178764 123.013 288.89 217.566 455.324
001819 0.0100235 104.596 264.431 156.109 451.085
001823 0.919573 89.2346 119.419 221.567 376.942
001823 0.0110239 106.873 251.748 196.064 399.201
001824 0.0140966 -27.3605 -23.5785 40.7012 33.8225
001839 0.1437 42.0141 134.666 253.466 339.91
001850 0.0139517 224.985 225.154 288.073 296.955
001851 0.0432593 12.4463 96.221 316.058 488.459
001865 0.923719 31.6496 25.752 340.503 505.415
001885 0.0127012 -28.1937 346.785 40.5169 405.187
001885 0.0101121 -28.3465 361.49 38.6083 387.987
001886 0.0126469 61.8601 29.6848 454.854 387.319
001889 0.0181026 42.0003 105.532 80.5538 160.206
001889 0.0121943 360.365 103.804 423.483 258.267
001889 0.0116038 54.3243 140.419 124.081 217.422
001893 0.0306411 114.153 282.958 152.374 359.979
001893 0.0116 312.696 282.055 363.952 367.537
001900 0.992016 104.04 38.1985 352.012 457.254
001900 0.0108334 145.214 245.936 346.66 502.616
001914 0.019845 208.411 252.534 348.659 472.849
001917 0.0463971 344.707 160.034 417.036 214.533
001917 0.0311303 192.206 161.705 266.427 211.242
001921 0.0100993 139.145 257.697 381.105 500.974
001939 0.987124 59.277 21.1133 430.763 273.242
001957 0.0128186 463.673 -28.9183 536.602 40.1152
001957 0.012568 468.165 -11.2832 531.794 23.1568
001967 0.0133581 1.64504 273.131 39.4168 331.125
001974 0.753436 283.367 164.416 387.015 246.967
001974 0.0101677 402.123 170.809 439.404 238.717
001984 0.0430325 360.059 95.0317 497.912 389.034
001984 0.0328894 31.5193 38.2918 347.441 358.794
001987 0.0396863 177.843 122.29 292.962 294.407
001988 0.0165358 30.8399 106.734 309.843 463.446
002005 0.214497 103.676 102.947 247.883 327.338
002005 0.0320115 416.049 150.769 482.948 210.265
002016 0.014509 39.0639 240.962 84.6735 329.867
002017 0.938879 143.428 105.966 414.94 246.745
002017 0.0208396 127.776 137.101 424.81 341.949
002018 0.0110043 197.311 1.22388 264.863 29.0967
002031 0.998599 75.1121 65.8419 446.57 322.169
002031 0.0245568 76.0084 75.673 186.961 323.93
002033 0.0245547 226.659 63.9357 289.714 136.962
002046 0.88225 277.264 134.623 456.906 429.258
002046 0.760557 4.85367 57.9278 260.138 483.058
002046 0.0376382 148.147 117.355 269.24 439.77
002046 0.0114812 213.692 141.999 310.994 429.137
002050 0.623871 -5.33905 173.301 186.624 419.847
002050 0.0116078 190.437 131.572 277.879 421.445
002059 0.0174319 463.705 347.226 536.411 404.004
002059 0.0146972 467.428 361.374 531.674 389.006
002059 0.0123016 463.347 -23.3943 536.508 33.6905
002059 0.0121874 482.51 348.268 517.137 401.105
002059 0.0114237 467.864 -9.3426 531.871 18.941
002066 0.0115244 -20.9036 481.773 31.6254 517.844
002066 0.0101039 347.009 461.882 402.839 539.473
002071 0.995216 158.286 120.767 317.189 280.172
002071 0.954384 74.2173 134.726 129.749 235.513
002071 0.183119 235.557 124.536 368.503 244.345
002071 0.122404 343.272 165.847 411.819 216.348
002071 0.0520857 317.617 143.071 408.281 222.517
002071 0.035682 283.842 152.382 377.3 239.644
002071 0.026971 115.242 141.608 166.558 236.22
002071 0.0192006 182.367 100.721 298.33 226.637
002071 0.0188176 146.503 140.638 201.349 256.602
002071 0.0184144 367.22 176.707 414.821 212.045
002071 0.014155 129.357 137.671 255.253 249.893
002071 0.0135087 273.803 108.888 341.658 225.279
002071 0.0135047 274.727 136.007 391.529 204.665
002071 0.0125389 366.366 153.89 446.641 217.208
002071 0.0110846 349.164 154.015 383.979 204.709
002072 0.986546 80.9645 91.9098 381.394 364.967
002110 0.0176314 137.37 228.796 172.053 286.545
002115 0.195877 341.344 75.698 370.824 110.607
002115 0.0140105 191.655 106.989 279.82 257.13
002121 0.144362 0.958964 33.3469 239.993 331.789
002131 0.116035 143.08 5.31486 348.151 244.493
002133 0.67829 -3.75897 174.108 333.348 385.918
002133 0.0617467 180.536 124.894 315.589 268.078
002137 0.0135965 87.6967 245.317 196.051 389.363
002141 0.742305 29.4287 209.031 270.842 435.908
002141 0.059113 109.273 100.715 250.74 379.749
002168 0.0373261 213.819 224.367 277.856 292.438
002168 0.0159392 123.458 212.545 188.491 285.027
002173 0.0455118 77.7167 0.445893 487.38 337.318
002204 0.988331 68.1027 36.1576 246.39 216.02
002204 0.0156322 100.938 17.6271 225.199 149.355
002229 0.0151204 375.379 197.918 431.187 275.361
002239 0.0462468 121.634 130.874 190.395 271.746
002254 0.134304 141.572 258.648 324.766 494.444
002269 0.0300398 47.0613 57.5753 233.488 200.919
002269 0.0192832 11.3526 62.754 246.014 507.546
002283 0.971546 252.767 100.894 409.528 343.939
002283 0.0263896 283.944 51.8619 382.305 255.253
002299 0.464644 37.0352 22.9402 456.676 357.665
002313 0.0158996 23.5014 77.6826 469.119 419.366
002314 0.0493721 4.31325 47.4357 333.594 449.244
002314 0.0484052 1.98936 13.5746 345.11 226.433
002314 0.0213555 35.3058 231.081 313.483 518.202
002314 0.011768 2.28814 52.8103 42.6928 88.7601
002326 0.160876 373.895 112.064 416.898 154.755
002326 0.0459176 287.28 119.461 346.688 175.047
002326 0.0138257 238.759 169.478 274.676 251.379
002331 0.519373 114.958 106.156 309.082 327.779
002331 0.0157958 294.2 93.1016 492.922 335.752
002338 0.0104125 251.323 105.221 348.309 174.054
002349 0.0200536 38.2218 -4.44734 116.853 47.9568
002358 0.0114805 -27.9712 -23.7772 40.8578 33.6236
002358 0.0100297 476.157 -14.8602 523.531 24.0254
002360 0.988938 83.3829 140.701 261.67 414.791
002360 0.027131 112.954 100.671 246.192 322.545
002360 0.0102694 176.645 235.903 257.084 415.716
002398 0.964533 80.0918 114.534 243.529 410.206
002398 0.0143566 89.7275 221.045 185.006 390.24
002408 0.0247955 34.2028 36.6249 511.183 338.353
002409 0.998859 93.3266 72.6977 427.815 371.276
002409 0.01736 165.406 51.1464 332.48 251.555
002421 0.978209 135.382 74.9797 395.528 307.519
002446 0.020545 430.169 134.272 464.836 230.154
002455 0.0165854 -27.8751 364.031 39.9835 423.941
002482 0.0140777 128.225 428.78 194.701 504.3
002486 0.0939321 152.953 121.768 227.969 173.042
002486 0.0304567 101.111 105.293 180.954 148.449
002486 0.0103755 110.66 173.961 204.717 225.366
002511 0.998902 93.3919 119.009 386.062 445.408
002511 0.0276232 153.267 91.9995 330.817 343.304
002511 0.0111118 91.7122 281.565 211.729 431.566
002552 0.016646 347.704 463.219 402.347 538.684
002552 0.015532 -21.0785 463.822 30.7467 539.426
002552 0.0152932 347.668 -31.3628 402.359 44.371
002552 0.0137794 350.716 481.977 398.467 518.391
002552 0.0134043 350.709 -12.4395 399.226 25.5331
002552 0.0117184 362.11 464.82 387.533 533.649
002553 0.969338 31.1086 14.7567 466.233 390.625
002553 0.0215068 251.248 47.8695 453.873 376.829
002573 0.966475 112.462 150.607 263.44 281.156
002573 0.937988 370.122 152.084 496.54 259.31
002573 0.651107 317.368 152.873 395.415 251.037
002573 0.356907 63.4972 155.461 138.041 258.27
002573 0.179794 253.589 131.776 320.086 183.697
002573 0.0779963 342.77 145.188 424.428 246.962
002573 0.0597323 276.144 128.527 350.728 181.553
002573 0.053666 308.446 128.404 371.306 215.744
002573 0.043478 110.422 143.461 191.518 263.839
002573 0.0314997 137.784 119.448 203.299 180.316
002573 0.0229553 270.723 124.054 294.634 162.324
002576 0.0960742 147.575 112.216 432.301 319.075
002587 0.0444442 0.249252 63.6315 114.992 299.436
002587 0.0152508 356.118 35.9423 494.368 156.158
002592 0.0172641 291.428 214.532 353.13 271.715
002596 0.993768 78.9546 171.903 293.745 422.902
002596 0.0356744 118.496 142.003 214.261 410.461
002596 0.0333589 40.8321 186.048 196.436 433.866
002596 0.020676 191.974 145.51 307.133 404.914
002596 0.0106721 122.239 153.93 171.587 244.655
002601 0.013529 463.61 347.288 536.485 404.046
002601 0.0117528 468.336 361.737 530.407 388.177
002623 0.0287674 403.042 252.515 498.353 363.828
002631 0.0145786 30.79 124.524 298.054 440.998
002652 0.127008 155.988 93.9803 391.02 334.505
002655 0.999658 87.2007 86.5879 429.547 355.816
002655 0.0167658 135.075 59.9548 354.186 269.859
002655 0.0125788 20.6509 88.6003 125.883 317.57
002663 0.0813916 1.88215 15.0038 306.034 318.717
002676 0.109983 214.004 254.503 276.322 309.471
002676 0.0894421 274.592 249.148 336.643 306.933
002676 0.0238872 345.053 243.897 381.422 295.983
002676 0.0187175 204.594 256.914 241.978 309.907
002676 0.0140428 417.781 272.323 458.029 299.119
002685 0.282804 62.5294 169.888 303.002 373.643
002685 0.0933593 12.9541 109.482 140.044 270.722
002685 0.0135492 39.7996 156.456 207.881 311.951
002692 0.409423 282.005 173.958 384.792 378.374
002692 0.11857 227.954 199.075 300.482 373.042
002736 0.0143364 347.767 -31.3297 402.434 44.4867
002736 0.0127784 350.741 -12.4591 399.312 25.3171
002739 0.022191 159.72 232.09 227.649 324.405
002750 0.0121395 423.198 131.248 490.885 188.618
002758 0.0108271 176.188 194.968 242.517 249.672
002768 0.195099 254.381 182.336 335.286 290.365
002768 0.0193744 287.042 175.569 366.47 286.341
002770 0.354776 74.7768 191.022 166.102 254.79
002777 0.0132414 208.526 199.726 275.792 277.871
002780 0.989223 256.048 101.442 467.5 278.021
002780 0.0781621 1.29627 97.0868 110.181 304.862
002790 0.960472 101.433 122.334 358.023 476.296
002797 0.0103539 199.113 173.761 268.192 233.248
002808 0.0194992 97.1611 100.402 258.867 476.177
002818 0.0452062 115.848 214.994 174.89 277.668
002818 0.0330744 149.857 218.08 181.677 273.502
002818 0.0196683 80.2021 217.369 117.851 270.171
002818 0.0128026 236.01 210.303 309.111 274.237
002818 0.0118946 6.64373 206.305 53.2123 257.201
002819 0.999179 42.418 79.471 437.224 333.551
002819 0.692004 418.566 131.893 484.528 288.023
002819 0.106427 169.704 49.3152 345.105 228.415
002823 0.0299039 104.419 218.371 465.22 382.612
002825 0.0128179 -27.8796 308.666 40.741 359.487
002828 0.962729 27.8747 15.7686 363.977 262.989
002828 0.120022 204.338 36.1967 365.066 253.001
002828 0.0105279 2.47795 21.6634 121.139 260.365
002837 0.680053 176.165 107.985 336.78 313.997
002843 0.0124216 -26.4173 346.636 39.8185 405.25
002843 0.0102883 -26.3157 361.135 37.9647 387.558
002860 0.556079 302.857 172.674 482.239 325.859
002860 0.0121452 145.8 65.1352 308.166 285.6
002874 0.0115473 -27.2193 -23.1944 40.9428 34.0849
002878 0.0128883 463.285 -23.8136 536.814 33.4389
002878 0.011885 467.382 -9.40264 532.913 18.9587
002892 0.0108897 297.7 21.289 504.318 332.142
002909 0.955529 98.0925 154.021 217.663 427.746
002921 0.914157 95.5019 120.271 221.858 421.974
002921 0.0202556 45.4743 190.001 209.286 479.693
002921 0.0111993 149.572 264.845 230.522 449.455
002945 0.011225 463.529 -23.3385 536.874 33.3381
002945 0.0111658 476.203 -14.9586 523.572 24.5405
002951 0.0112874 -26.8027 346.511 40.2735 405.146
002951 0.0100742 -28.0251 361.263 37.182 387.722
002964 0.0120152 126.061 319.218 182.061 423.569
002972 0.0114304 -20.7643 -30.859 30.8001 44.849
003022 0.998728 154.328 83.2323 450.198 288.965
003029 0.0140921 463.28 347.293 536.707 404.228
003029 0.0121042 467.851 361.708 530.481 388.43
003029 0.0100967 482.685 348.508 516.644 400.53
003041 0.995273 55.8154 158.854 295.986 390.107
003041 0.969223 3.21559 184.07 81.9332 306.711
003041 0.197515 244.175 182.227 315.657 343.571
003041 0.0414157 25.7339 183.134 159.76 368.191
003041 0.0404464 181.398 179.341 306.217 373.299
003041 0.025331 234.417 201.301 326.106 281.207
003041 0.0196639 47.1894 228.467 92.775 309.823
003041 0.0167042 263.981 188.52 369.549 362.456
003041 0.0112445 272.194 220.67 353.089 298.589
003084 0.999455 184.877 146.606 327.953 248.38
003084 0.0452776 138.296 153.289 166.07 220.034
003084 0.0431648 322.012 149.912 403.587 217.648
003084 0.0293384 187.128 146.728 251.452 210.558
003084 0.0255488 246.159 145.958 346.27 232.082
003084 0.0188471 285.261 159.295 372.204 230.725
003084 0.0153926 348.875 166.615 429.146 224.757
003084 0.0136191 121.835 157.768 182.524 221.616
003084 0.0111806 76.1713 158.291 144.239 221.218
003084 0.0106812 377.346 146.639 443.074 222.396
003095 0.083221 133.835 31.7977 367.431 499.171
003101 0.0188721 -28.7674 308.38 40.7741 359.119
003125 0.0158428 -27.9932 -23.5689 41.2267 33.5641
003148 0.0224331 151.559 209.805 360.696 372.497
003148 0.0152647 104.657 210.477 258.378 362.308
003148 0.0116029 345.438 98.3524 415.899 171.816
003156 0.0104304 134.515 98.785 418.544 257.875
003160 0.0104338 120.337 287.176 163.427 330.065
003167 0.0107117 475.854 -15.0359 523.354 24.2643
003167 0.0103618 463.315 -23.4293 536.961 33.7737
003173 0.986285 118.042 28.5674 243.652 194.13
003173 0.0765267 25.3595 40.635 189.633 191.746
003173 0.0414721 172.646 28.8092 300.38 199.833
003173 0.0202202 120.297 21.9724 202.848 129.438
003173 0.0157848 168.205 47.0264 251.635 170.169
003173 0.0116058 149.245 94.1946 235.198 186.626
003179 0.173789 199.738 139.505 459.544 292.963
003182 0.835622 46.1269 167.171 450.678 488.501
003182 0.0562732 233.253 128.968 481.603 462.877
003182 0.021426 400.181 45.5915 500.089 478.2
003187 0.99576 29.9476 61.976 373.058 298.395
003187 0.0342007 148.066 47.7472 336.135 236.029
003193 0.988795 150.091 99.8628 366.749 242.604
003193 0.0354436 190.641 70.225 306.83 219.159
003193 0.0142234 175.723 105.865 329.378 161.762
003193 0.0106616 233.623 79.2404 354.909 199.537
003201 0.011829 397.249 24.8264 493.579 270.563
003217 0.0103485 42.2249 114.169 71.477 144.39
003222 0.83004 89.1224 39.1641 395.172 264.378
003222 0.164722 46.6744 87.7943 282.68 265.872
003232 0.998082 41.9028 45.1356 260.473 202.623
003232 0.0207967 122.744 33.689 226.751 142.908
003232 0.0154191 166.139 52.9685 262.232 197.873
003235 0.933264 103.891 105.21 263.07 418.957
003237 0.915471 121.988 137.168 248.471 455.422
003245 0.012005 -27.9086 -20.987 40.7692 29.8089
003245 0.0100852 476.186 -13.3634 523.231 21.5646
003246 0.434533 8.38225 102.927 500.514 376.943
003277 0.0163833 -28.4356 347.307 40.5294 404.785
003281 0.0355887 306.414 222.043 360.025 293.852
003288 0.0505798 111.083 247.397 217.147 304.098
003304 0.976011 95.6449 149.344 233.89 434.5
003324 0.0125437 463.809 -23.4351 536.759 32.691
003324 0.0118272 476.317 -14.5352 523.455 24.0961
003361 0.0129644 210.401 249.048 273.493 286.832
003366 0.0228333 266.278 192.469 337.656 237.1
003366 0.0157082 385.294 211.931 419.54 252.826
003366 0.0131794 294.031 209.348 334.946 242.742
003394 0.0431303 32.8283 35.1578 357.164 365.648
003399 0.0156057 217.056 134.875 361.766 274.577
003409 0.0135488 6.33692 176.357 82.3829 222.639
003411 0.0574982 0.797004 5.83319 437.598 377.448
003423 0.0136478 -27.9289 -23.5679 41.086 33.5495
003426 0.0172241 463.573 308.484 536.429 358.794
003426 0.0143904 467.697 321.009 530.826 345.241
003426 0.0119978 482.644 309.458 516.736 355.741
003432 0.015728 273.281 165.564 297.049 227.123
003454 0.0178448 205.156 0.223618 288.41 49.7299
003473 0.379134 121.105 68.8012 442.853 288.494
003479 0.0123313 91.3662 33.3723 395.142 334.442
003485 0.01158 -27.5592 -23.6974 40.8942 33.2815
003490 0.0116787 -27.0846 -20.5362 41.1983 30.121
003513 0.0105602 50.5411 136.768 122.894 200.949
003517 0.0241139 110.415 14.8189 352.433 358.091
003527 0.0141587 85.3289 266.418 139.313 357.641
003531 0.845446 38.522 83.6094 150.763 275.084
003531 0.0503909 48.2908 128.189 115.09 306.926
003531 0.0165135 36.1687 182.077 97.1301 298.803
003531 0.0149706 65.4888 170.017 127.253 291.596
003533 0.0472431 68.8368 125.098 128.855 166.118
003534 0.0128674 2.09779 1.83461 121.92 265.614
003542 0.0104715 37.8196 197.67 157.635 318.746
003547 0.0108239 361.296 240.046 427.826 291.889
003557 0.941871 169.078 119.133 278.399 234.505
003560 0.0140364 463.537 -23.4693 536.633 33.3531
003560 0.013071 467.617 -9.33549 532.424 19.1253
003562 0.54107 274.225 161.828 393.838 261.623
003568 0.0129588 381.267 291.492 435.385 328.156
003579 0.893162 63.3742 110.546 228.754 405.17
003579 0.0175306 86.1584 307.16 174.99 464.048
003579 0.0169997 111.759 260.964 201.128 448.337
003583 0.987999 56.6799 101.801 401.823 308.927
003583 0.0638665 16.9694 125.288 134.313 330.95
003583 0.0443507 142.361 28.8745 331.278 304.759
003583 0.0375947 -10.8698 110.166 73.7939 327.609
003584 0.92046 66.3864 38.2613 215.526 229.486
003584 0.0903917 102.862 22.9145 191.32 172.77
003584 0.0116446 97.3561 141.364 187.689 220.989
003584 0.0105175 57.5494 78.1684 120.34 225.608
003592 0.0153345 84.4441 273.662 280.625 418.862
003595 0.0641071 121.582 199.829 236.544 357.309
003595 0.0474523 234.988 172.025 370.8 336.39
003595 0.0435826 445.282 201.417 499.156 343.567
003595 0.0259721 375.659 253.581 440.987 342.171
003601 0.0117133 44.5762 225.472 105.112 295.451
003624 0.0164102 -28.1929 347.047 40.9335 404.344
003633 0.100357 315.251 146.391 494.208 240.896
003633 0.0803226 0.891507 168.754 69.3716 223.399
003633 0.0469274 6.97763 128.375 159.239 238.068
003633 0.0455381 266.245 183.98 329.563 237.819
003633 0.0392572 88.5514 167.712 167.996 236.657
003633 0.0310634 182.08 142.466 329.92 232.31
003633 0.016211 294.529 180.27 366.98 238.32
003633 0.0158437 -4.19076 148.529 54.7008 211.452
003633 0.0139965 327.898 171.916 440.361 243.802
003653 0.858806 76.052 59.2898 505.017 307.247
003653 0.0669526 60.3973 91.687 129.779 233.018
003653 0.0167573 60.8465 116.468 181.778 253.341
003677 0.0117307 313.287 -4.08038 384.57 78.1021
003680 0.960181 66.1612 98.7039 408.536 347.436
003680 0.218303 438.649 -6.61946 497.62 131.739
003680 0.0640845 128.436 295.499 415.249 373.75
003680 0.0106814 416.357 1.94553 471.613 130.254
003687 0.0361428 351.479 160.349 396.049 209.57
003693 0.216749 45.7631 90.6885 310.934 333.252
003693 0.0116572 12.3505 54.1544 218.723 274.075
003701 0.0341603 213.447 120.291 279.893 180.628
003701 0.0137266 236.578 124.064 306.51 185.551
003701 0.010141 182.179 124.834 260.273 186.475
003712 0.0654069 131.313 104.139 387.434 294.433
003720 0.997617 298.114 125.86 478.73 299.953
003720 0.986095 23.7578 132.605 295.308 312.771
003720 0.0369064 111.155 99.8947 236.836 298.392
003720 0.0355606 193.278 136.435 394.135 301.638
003720 0.0333069 337.185 94.487 441 254.693
003730 0.0207475 160.496 34.9208 370.861 282.064
003734 0.975108 76.6151 115.568 310.728 404.135
003734 0.456047 279.007 190.729 374.026 286.197
003734 0.0528035 236.807 183.205 368.979 359.617
003734 0.0394014 318.261 197.144 375.029 270.919
003734 0.0345886 78.9542 202.745 240.978 436.297
003734 0.0294314 261.594 181.197 332.099 291.011
003734 0.0208083 277.712 217.2 357.744 326.967
003734 0.0156804 281.403 270.531 377.827 404.842
003734 0.0144821 167.387 192.626 336.471 413.068
003734 0.0107481 298.518 239.38 384.353 320.294
003734 0.0107314 83.2581 251.654 139.71 425.114
003762 0.0183394 235.05 179.458 313.691 270.46
003764 0.909186 84.5446 25.2539 210.348 201.644
003764 0.0262543 98.6539 6.23956 196.065 124.549
003768 0.0273626 54.2166 43.5715 319.733 318.161
003832 0.992134 74.7643 45.2368 339.822 256.634
003833 0.0228652 4.18206 71.7714 58.8157 138.189
003851 0.0136643 10.7252 380.979 60.193 467.983
003851 0.0107372 162.414 300.269 377.87 488.807
003852 0.964389 52.251 -6.50302 497.383 379.444
003852 0.0142301 -8.00146 12.6969 119.423 366.948
003852 0.0141865 38.9605 19.405 264.313 361.117
003867 0.0123678 463.501 -23.4952 536.888 33.3113
003867 0.011891 -28.0467 -23.7401 40.9841 33.6527
003867 0.0116894 467.851 -9.32781 531.97 18.7381
003881 0.012968 158.613 36.7274 265.309 224.991
003896 0.414586 11.6111 232.478 200.24 411.74
003896 0.305898 0.911858 95.4818 55.713 206.816
003896 0.0139324 364.124 55.6661 440.481 141.282
003896 0.0135022 11.3366 87.3179 103.104 204.887
003896 0.0121281 48.0814 247.994 423.697 414.507
003896 0.0118255 115.924 93.1794 164.259 202.789
003914 0.0399844 266.667 96.022 326.163 151.445
003914 0.0372056 434.957 92.6635 496.574 140.111
003914 0.0255201 430.108 124.092 508.757 189.578
003922 0.997569 72.1932 58.476 397.027 336.629
003922 0.0211589 135.112 44.1868 356.401 237.685
003927 0.0994873 128.249 -1.59739 464.198 340.668
003951 0.992668 81.7382 122.708 289.724 428.436
003951 0.0504417 110.516 88.8755 285.098 283.883
003951 0.0269115 159.306 238.319 270.814 402.766
003951 0.014245 205.483 257.527 301.876 405.209
003955 0.0941427 247.46 170.392 475.034 355.514
003955 0.0121301 179.251 170.418 282.241 346.377
003978 0.999014 22.2455 77.6549 411.545 384.367
003978 0.0679061 110.262 46.4702 374.739 294.397
003982 0.0320775 123.566 200.755 163.421 233.558
003982 0.0176222 250.625 190.684 293.841 225.877
003982 0.0104783 346.258 197.946 388.915 232.186
003999 0.0437232 12.5612 22.9487 508.901 390.336
004001 0.0155425 32.8249 198.024 111.088 257.813
004006 0.998004 66.4341 102.975 287.362 277.015
004006 0.219616 291.779 81.3932 355.624 140.22
004006 0.0310012 250.103 76.3878 320.072 147.968
004006 0.0171184 112.911 79.7375 273.354 201.615
004006 0.0136456 387.815 96.0702 433.609 133.146
004026 0.0107453 -28.0854 347.51 40.2686 405.225
004032 0.0104589 -27.671 -23.4766 40.9686 33.3444
004038 0.0141444 463.237 347.149 536.576 404.054
004038 0.0117947 467.836 361.459 531.308 388.469
004041 0.0154083 -27.8459 -23.3391 41.1321 33.5652
004041 0.0131999 463.56 -23.4847 536.559 33.1462
004041 0.0130597 -27.7852 347.536 40.4651 404.904
004041 0.0123619 468.106 -9.29257 531.429 18.8593
004048 0.0124216 463.073 347.412 536.984 404.429
004048 0.0106101 467.782 361.633 531.293 388.432
004059 0.0852532 189.37 145.461 248.412 202.939
004072 0.018112 290.773 199.359 389.588 244.15
004074 0.0102476 475.962 -15.1313 523.567 24.0368
004079 0.0609074 219.559 26.2016 351.676 291.173
004081 0.039225 186.351 77.3493 319.53 217.447
004084 0.990661 75.5376 49.3425 279.428 208.443
004084 0.0641741 171.25 82.2944 285.85 211.367
004084 0.0289505 103.79 21.5638 182.083 156.042
004084 0.0108474 70.2174 15.687 167.264 193.286
004103 0.057658 187.218 231.733 226.286 295.261
004103 0.0206091 98.7723 191.285 127.842 239.731
004103 0.0110858 187.713 204.778 223.29 262.352
004126 0.963722 87.1978 126.226 202.182 417.058
004126 0.0373234 84.5939 282.777 125.215 448.343
004126 0.0245299 82.5893 161.353 151.766 452.701
004126 0.0185572 78.4006 62.8696 214.455 300.111
004126 0.0139978 97.4842 221.944 133.246 435.559
004154 0.0155028 457.946 228.8 488.376 301.443
004154 0.0107213 365.933 218.508 420.662 289.959
004161 0.0136862 -20.9792 -31.5614 30.8825 44.8572
004177 0.977311 135.403 97.5801 428.757 364.347
004177 0.0234277 165.84 81.4991 308.039 332.519
004177 0.021822 117.752 117.47 255.524 335.579
004198 0.0226252 -2.5385 101.168 288.425 488.775
004213 0.0255027 411.736 120.347 488.739 171.165
004233 0.0315381 70.8613 109.068 106.468 150.525
004234 0.877462 148.195 53.7162 340.655 220.957
004234 0.0201551 409.574 38.6415 498.67 162.111
004245 0.0130713 463.587 -23.4544 536.924 33.0562
004245 0.0116159 467.544 -9.19153 531.911 18.861
004266 0.898064 22.6823 61.7868 465.074 318.171
004266 0.0113993 402.971 53.0079 495.463 271.805
004294 0.995282 145.289 128.473 432.987 306.99
004301 0.996069 77.4552 87.0029 329.989 423.247
004301 0.022008 110.242 38.8758 265.796 290.52
004306 0.0102765 463.527 -23.4299 536.933 33.4059
004308 0.0101875 -27.235 371.465 40.3474 431.585
004309 0.968687 72.8127 153.81 428.401 376.905
004309 0.643986 264.408 159.329 435.767 363.602
004309 0.0346867 158.066 95.4095 353.461 356.232
004309 0.0193924 333.084 156.161 513.373 371.362
004332 0.0344008 165.885 330.807 303.145 466.499
004343 0.0156538 120.038 60.9938 487.636 280.916
004344 0.0182129 101.07 157.931 196.004 397.021
004357 0.251651 422.289 273.797 497.777 328.725
004357 0.0332963 292.168 284.773 361.765 342.416
004381 0.921206 31.9962 60.6558 428.264 324.793
004381 0.0263118 182.986 25.3825 371.516 304.753
004407 0.850763 -2.93889 30.721 329.916 496.772
004408 0.0127503 463.361 309.159 536.474 359.876
004408 0.011584 468.129 321.883 530.999 345.908
004412 0.0153591 79.6739 98.8167 499.705 377.889
004416 0.0113651 53.6211 52.941 386.588 337.331
004417 0.0270668 191.522 117.186 241.939 164.48
004417 0.0119291 304.188 86.5119 326.968 138.19
004445 0.0158026 83.84 86.7649 168.153 151.472
004445 0.0138491 249.112 66.6586 438.481 225.551
004447 0.0174618 60.7133 122.077 89.1263 217.439
004462 0.0115919 209.276 81.3468 288.145 150.512
004475 0.0343486 58.1581 109.677 337.546 502.055
004482 0.0125159 462.163 -23.3744 537.073 33.4239
004482 0.0117785 -27.7328 -23.6681 40.7158 33.7888
004482 0.0116136 466.625 -9.13277 533.072 18.8809
004492 0.0233824 28.0453 1.68334 382.671 368.694
004497 0.0101653 268.565 275.451 332.838 340.864
004521 0.0105037 -25.8768 307.888 38.1602 360.871
004522 0.223239 231.951 191.377 395.363 304.734
004536 0.048956 132.04 178.422 416.635 252.383
004538 0.9944 59.2549 87.7927 439.447 354.458
004538 0.0735263 168.454 61.1074 397.148 272.319
004545 0.886514 225.366 44.1249 410.423 352.229
004545 0.122927 141.148 206.133 197.386 343.864
004545 0.0181302 205.238 74.2606 318.683 353.303
004545 0.0178106 438.359 100.722 497.68 188.576
004545 0.0142425 244.272 4.64283 354.769 259.197
004545 0.0107889 203.785 96.8402 390.552 160.327
004557 0.0131469 -27.1536 347.226 40.3642 404.632
004557 0.0111968 462.924 347.214 536.755 404.557
004559 0.015837 12.6764 139.717 80.2625 193.205
004561 0.202401 -16.7473 270.652 481.604 377.075
004561 0.0236172 144.854 227.236 411.709 365.986
004561 0.0214711 2.46928 288.606 172.862 373.039
004561 0.0212525 284.305 267.175 451.342 368.823
004564 0.95837 87.0549 139.303 265.471 456.969
004589 0.998395 66.9059 64.5552 407.727 331.758
004589 0.0619175 161.578 49.6559 372.372 240.703
004590 0.0134911 370.702 -13.8687 429.384 19.7906
004590 0.0123079 374.008 -5.57934 425.759 11.3555
004608 0.0184524 131.09 73.1314 330.591 320.077
004610 0.0490258 250.176 -13.2801 469.763 267.824
004610 0.0145394 78.1341 10.238 267.012 302.541
004610 0.0109356 195.552 -3.18722 359.498 280.956
004617 0.0104223 336.602 123.983 420.224 181.207
004629 0.997703 51.1258 114.997 202.49 274.748
004629 0.856682 200.018 120.969 302.36 268.441
004629 0.230416 279.513 117.559 408.231 254.861
004629 0.114805 376.495 129.455 435.615 248.801
004629 0.114783 52.5376 150.073 125.417 265.382
004629 0.109809 233.661 130.955 357.503 255.311
004629 0.100005 116.888 107.435 236.183 273.642
004629 0.092572 176.481 119.752 233.292 257.768
004629 0.0359993 199.778 91.458 253.748 229.555
004629 0.027375 84.492 132.237 162.753 269.481
004629 0.0249216 140.062 137.073 208.305 263.401
004629 0.0239261 277.064 118.523 330.876 251.461
004629 0.022256 329.557 108.218 383.165 261.937
004629 0.0211349 222.138 107.505 285.567 233.691
004629 0.0191287 305.62 117.257 363.508 259.476
004635 0.0107602 66.8338 119.447 132.568 180.729
004635 0.0104102 110.706 111.993 144.477 185.931
004642 0.0124786 94.567 47.17 442.702 343.215
004646 0.0255364 156.904 178.564 225.355 293.482
004666 0.0415981 430.01 176.915 492.218 249.177
004669 0.0661497 144.99 183.318 219.178 241.453
004669 0.0149407 -28.3232 308.629 40.6019 359.515
004669 0.0121263 228.191 186.628 321.538 241.494
004669 0.011264 463.061 308.542 536.936 359.249
004670 0.0853602 289.905 220.432 390.403 274.952
004684 0.0120922 463.415 -20.774 537.134 30.1767
004696 0.115584 161.076 75.1608 297.248 210.311
004696 0.0693018 80.8734 109.148 207.218 247.307
004696 0.0116093 -0.564281 169.955 83.3269 275.753
004697 0.0129213 -26.677 -22.6795 41.287 33.7299
004703 0.0121739 205.746 94.5064 349.284 390.68
004709 0.0126713 463.378 -23.5377 536.744 33.6712
004709 0.0114107 467.517 -9.36883 532.594 19.0059
004713 0.0107499 -27.6393 -23.3657 40.434 33.9066
004726 0.011382 -27.6014 -23.5161 41.4159 34.148
004733 0.0103839 308.156 462.99 357.626 539.488
004733 0.01022 -19.3994 481.692 27.6566 517.735
004741 0.0485785 138.933 108.867 204.653 198.429
004749 0.982212 61.2451 46.0987 226.675 229.314
004749 0.0402252 88.8027 32.7136 192.06 155.3
004749 0.0161471 139.915 47.8081 217.702 213.822
004751 0.010031 454.044 111.531 493.592 163.501
004756 0.860165 193.643 100.404 315.196 259.546
004756 0.0122121 218.244 84.39 302.477 209.76
004763 0.102312 287.571 19.0871 465.337 317.239
004774 0.0202486 34.6273 101.273 200.708 297.434
004775 0.161619 36.0436 17.2396 482.242 341.88
004784 0.0195269 190.805 121.234 253.815 247.622
004803 0.925802 131.598 87.0792 297.952 293.346
004804 0.378007 31.9479 99.2007 184.363 263.129
004804 0.178949 29.3516 60.2114 252.53 224.275
004804 0.0127755 23.2217 66.7696 132.741 223.453
004810 0.018465 -28.8488 345.605 40.0733 404.862
004810 0.0149905 389.416 218.817 451.427 288.598
004810 0.0141189 -27.6758 361.551 38.9888 388.825
004821 0.0134839 -18.6446 463.693 27.1363 539.706
004829 0.0153502 -20.8397 -30.9366 30.7242 44.2133
004851 0.0141173 463.284 347.257 536.54 404.351
004851 0.0117448 467.844 361.516 531.423 388.542
004864 0.0103997 -12.7394 20.5747 26.7822 99.1973
004864 0.0103118 8.84593 32.2754 54.1132 113.243
004865 0.996536 18.1862 38.3753 409.264 292.367
004865 0.0151652 12.8137 105.585 62.313 238.577
004874 0.809899 74.5715 105.557 325.183 241.608
004901 0.0274586 115.573 115.084 334.135 346.691
004919 0.0130503 462.128 -23.7203 537.024 33.2444
004919 0.0119769 466.851 -9.04076 533.585 18.9002
004925 0.0338217 184.437 192.472 374.492 508.865
004927 0.0157805 402.959 59.4719 460.427 143.033
004927 0.0146452 -0.421824 63.3069 59.6775 120.206
004932 0.998403 63.6891 49.6225 266.053 205.34
004932 0.0177112 101.189 27.9071 201.975 143.838
004937 0.0111326 260.264 113.41 339.243 176.196
004937 0.0103176 124.961 124.848 197.986 191.146
004942 0.012554 251.547 188.111 322.294 254.616
004949 0.0170688 6.0662 210.425 324.184 503.661
004957 0.661242 129.452 22.2859 486.445 387.356
004959 0.0141532 22.3617 113.665 89.0918 161.134
004970 0.977077 -4.78894 14.7572 507.509 399.121
004980 0.189552 15.4412 197.703 74.7315 238.349
004980 0.0580627 84.8282 198.689 133.08 232.95
004980 0.0150156 376.199 211.417 463.7 253.572
004993 0.0111388 56.2635 104.318 390.92 286.732
005015 0.0514035 31.6696 152.422 345.737 260.312
005017 0.130569 352.191 217.656 383.848 270.97
005041 0.023932 79.6184 162.536 274.833 372.306
005053 0.0261304 259.883 121.722 337.819 206.277
005053 0.0165985 17.7704 145.204 76.031 204.884
005080 0.0281207 75.0636 49.1561 414.076 303.525
005087 0.0115947 185.775 57.8933 330.406 276.264
005112 0.0100298 178.748 250.546 233.327 282.03
005120 0.0213532 31.6925 120.171 302.864 465.382
005127 0.0239478 190.608 79.9506 317.724 304.342
005132 0.996726 99.4851 90.7841 377.048 283.029
005139 0.983864 153.252 119.783 377.332 270.767
005141 0.682535 -1.89855 155.611 175.944 332.744
005141 0.0309148 245.518 187.23 274.658 242.017
005152 0.0107149 22.6254 13.6376 500.707 376.044
005162 0.0636107 123.582 170.17 238.12 240.159
005182 0.999109 136.084 90.2773 346.837 272.034
005182 0.182013 170.527 55.0648 293.143 234.464
005182 0.0349603 168.538 85.7639 235.724 163.346
005182 0.017823 301.397 107.097 376.964 203.811
005182 0.0159149 136.515 73.4471 296.985 127.355
005193 0.0110927 -27.4613 -23.7747 41.0443 33.9268
005198 0.861111 273.719 78.4666 387.585 244.523
005198 0.0130238 282.118 168.548 384.508 254.288
005228 0.0113122 -28.5916 202.459 40.0109 236.753
005243 0.0128963 463.192 309.359 536.959 360.148
005243 0.0107282 468.549 322.34 530.161 345.645
005243 0.0104056 -29.1354 321.861 41.5015 345.746
005249 0.0893249 -9.96431 71.9135 358.226 395.801
005256 0.0132985 80.3012 270.589 147.334 326.623
005289 0.0132395 355.589 133.323 438.971 335.134
005296 0.015145 -27.8071 -23.2758 41.318 33.5187
005299 0.959782 82.1099 23.034 441.749 326.64
005299 0.165434 256.176 5.89513 451.096 260.184
005299 0.0318746 35.6496 21.9871 237.272 326.185
005299 0.0293563 -11.9124 39.3043 131.245 310.26
005299 0.023641 415.529 21.3615 477.988 175.139
005299 0.0133268 169.643 4.68806 352.002 278.125
005301 0.0130834 61.7985 87.9731 214.739 411.574
005308 0.0297008 325.932 126.049 490.246 305.888
005324 0.0886636 347.21 194.507 461.498 369.654
005324 0.0135696 74.4116 177.292 220.269 311.406
005334 0.98336 4.56803 129.594 305.595 500.737
005339 0.0172409 420.514 65.9087 489.551 159.057
005341 0.0112187 463.364 292.781 537.222 341.096
005341 0.0111346 468.175 304.575 531.286 327.622
005342 0.984365 201.334 107.735 473.972 311.004
005342 0.955594 55.8617 143.29 221.947 295.352
005342 0.100051 183.19 127.889 304.904 312.571
005342 0.0644915 236.307 72.0134 371.075 292.59
005342 0.0431385 262.741 159.552 584.45 375.64
005342 0.0248814 128.358 157.647 256.978 301.187
005342 0.0104341 46.569 132.382 163.654 253.817
005347 0.472236 270.813 175.183 467.187 314.482
005356 0.0138885 -27.9059 -23.5589 41.1721 33.9473
005361 0.402174 10.6901 107.891 477.897 454.901
005386 0.0115057 -28.1294 347.899 40.3934 405.082
005402 0.011698 -28.927 321.669 41.4352 346.005
005409 0.559991 10.5558 1.65138 324.701 347.905
005412 0.0165446 469.268 136.662 495.682 210.551
005412 0.0106913 -0.831228 314.483 34.9283 375.767
005415 0.0102665 359.789 75.5364 421.709 144.008
005425 0.0128434 48.3302 110.693 207.143 412.815
005426 0.0674279 229.649 38.9536 321.429 266.961
005428 0.0152519 -20.8601 -31.484 30.8848 44.8164
005447 0.0176081 218.921 142.08 379.699 298.88
005456 0.979873 86.5664 18.7919 208.791 215.766
005456 0.0138296 188.713 24.6706 312.083 208.881
005480 0.022704 141.478 112.23 360.063 380.673
005505 0.954702 20.4502 63.8566 524.13 323.723
005513 0.951217 69.561 49.0032 317.746 207.786
005529 0.0912008 254.302 137.892 361.143 191.206
005533 0.0242544 260.938 191.349 313.435 295.917
005553 0.0145414 43.0801 95.9948 335.888 417.417
005561 0.0214129 142.976 182.653 307.876 447.247
005564 0.0614577 13.2044 49.3946 199.396 384.228
005564 0.0362625 109.304 72.0912 208.266 391.432
005572 0.949835 130.47 75.3966 495.608 438
005578 0.0110978 117.573 133.792 225.427 268.142
005610 0.986818 69.3107 113.454 330.575 427.973
005610 0.0168251 118.07 80.0526 294.691 312.155
005638 0.011395 64.8358 122.345 399.143 326.688
005642 0.0911184 158.921 92.4066 346.903 297.969
005643 0.0113725 436.766 223.754 503.258 274.766
005667 0.0362832 50.4027 156.779 475.137 290.417
005677 0.75812 148.295 77.2806 359.51 356.257
005677 0.390582 113.324 63.4286 254.243 348.312
005708 0.0132977 5.77897 45.0348 125.967 352.043
005711 0.0114055 139.014 146.549 214.469 210.849
005712 0.0368812 -7.41197 10.364 409.169 333.005
005722 0.994074 72.3158 164.094 394.636 375.417
005722 0.02369 171.688 115.135 339.241 366.538
005733 0.999542 182.277 92.5226 422.393 266.94
005733 0.011673 233.49 48.7522 348.635 237.584
005750 0.044971 283.044 184.302 323.839 255.491
005777 0.0146612 80.9431 17.8778 491.873 331.595
005795 0.0525283 -1.6012 14.9201 496.978 521.629
005795 0.0102873 -29.3576 481.814 39.9391 517.503
005797 0.469691 14.4353 113.826 276.661 353.523
005809 0.0192678 3.04185 196.438 30.4544 271.623
005822 0.0935938 43.851 -5.14823 423.913 518.617
005833 0.0135653 445.401 212.031 497.489 245.854
005846 0.0109721 158.602 134.063 283.169 385.73
005848 0.0125039 77.9128 112.719 319.816 390.244
005858 0.0747771 158.273 26.7422 201.885 74.2525
005858 0.0389321 298.738 17.9148 375.529 75.1866
005858 0.0294556 335.486 17.0031 392.094 76.9188
005858 0.0188393 416.747 20.46 474.901 80.1812
005858 0.0146497 368.364 16.9494 422.442 80.3082
005858 0.014056 291.766 17.5106 330.559 74.3082
005865 0.0196344 358.345 249.153 425.557 337.042
005876 0.0313164 177.681 257.982 390.396 421.857
005882 0.0225613 136.786 198.096 248.31 446.536
005886 0.0101244 108.565 257.541 190.915 327.888
005890 0.414602 44.7043 69.2479 202.698 207.53
005890 0.0507153 81.2173 106.41 175.845 204.533
005892 0.143019 146.56 107.134 234.656 144.492
005900 0.0191678 169.805 197.296 195.381 251.832
005900 0.014183 48.9918 193.941 120.059 258.473
005900 0.0140958 33.4882 209.183 107.646 283.241
005900 0.0118727 243.978 202.852 276.26 274.551
005915 0.0135719 273.795 148.46 352.197 217.224
005915 0.0111265 220.256 142.472 291.948 217.264
005942 0.0281394 15.4077 96.4613 144.263 300.536
005944 0.983808 74.2775 53.2134 269.127 206.824
005945 0.0137738 -27.9917 -23.7143 41.3085 33.3411
005945 0.0128464 -28.1114 361.157 41.0111 388.7
005958 0.0132623 -28.2708 308.807 40.7717 359.632
005958 0.0118448 -27.961 -21.1115 40.7995 29.7489
005967 0.968572 71.8813 23.2694 228.027 210.254
005967 0.0149064 101.161 19.2228 199.042 151.751
005973 0.0509696 139.556 129.186 197.951 284.644
006002 0.0146234 218.627 68.9052 276.147 136.23
006015 0.688037 228.223 262.495 266.566 319.39
006015 0.156479 244.371 263.501 303.304 320.773
006015 0.0171646 270.713 260.294 299.941 312.678
006021 0.144063 64.5693 35.4611 239.047 179.33
006036 0.0159704 -27.8293 -20.8719 41.2309 29.7604
006039 0.039696 183.217 47.4747 361.617 169.947
006044 0.0104702 -29.1739 361.231 41.344 388.264
006049 0.0134449 128.027 236.353 185.47 309.658
006059 0.0115244 14.6464 275.716 260.283 477.397
006060 0.124899 -3.26681 110.858 377.939 334.201
006085 0.112021 320.383 44.9674 466.256 176.191
006085 0.0674674 158.234 67.3907 284.142 200.835
006085 0.0529812 118.911 102.291 181.543 181.959
006085 0.0487389 30.875 163.417 256.634 351.02
006085 0.0238252 132.944 103.808 268.721 247.878
006085 0.0171262 124.479 108.24 154.55 178.334
006085 0.0100719 37.4715 17.3392 113.907 77.3904
006106 0.975371 11.5394 105.911 243.209 379.859
006106 0.93315 316.247 54.571 497.013 362.358
006106 0.100426 84.4303 69.3288 369.689 363.838
006110 0.0134983 73.5095 263.113 143.932 311.968
006110 0.0100197 104.212 272.418 175.887 321.153
006122 0.983404 185.223 62.1897 353.153 330.218
006122 0.488558 436.127 93.312 494.281 194.791
006122 0.04997 121.514 108.628 308.68 312.458
006122 0.0341552 389.072 98.5648 457.358 192.135
006122 0.0159321 107.383 133.781 166.927 200.123
006122 0.0151956 242.532 58.0637 442.264 287.952
006122 0.0108871 458.581 109.365 506.537 199.913
006122 0.0103738 115.443 121.781 227.575 263.743
006143 0.874662 93.644 194.758 250.161 373.197
006143 0.0133055 78.1227 231.778 180.691 379.455
006165 0.0133323 11.9246 142.025 243.204 426.729
006167 0.0130078 135.551 164.557 242.812 326.04
006173 0.0421465 410.441 260.325 459.686 297.617
006173 0.0334601 137.132 237.772 200.342 299.631
006173 0.0328118 352.843 262.202 397.729 299.451
006173 0.0259709 296.694 224.512 354.649 294.085
006173 0.0135706 208.392 235.516 279.87 308.923
006173 0.0123822 99.6648 228.181 183.565 291.716
006207 0.998556 69.0082 37.8403 403.145 321.543
006207 0.0127244 146.122 39.972 335.771 212.668
006207 0.011336 27.3836 194.361 90.9558 257.757
006217 0.0121545 82.5832 223.813 178.34 448.592
006227 0.130699 85.8703 62.2703 257.414 134.763
006232 0.0122513 109.429 159.12 434.374 256.389
006266 0.0106957 476.403 -14.8467 523.833 24.6232
006266 0.0101464 463.392 -23.8462 537.146 33.3054
006273 0.0151978 261.308 43.7218 342.497 200.336
006292 0.0109063 126.586 68.44 347.181 335.047
006293 0.0131082 -28.6461 306.843 39.7828 359.613
006293 0.0113845 -27.3151 -20.4143 41.3313 30.0094
006293 0.0106732 -27.3091 321.119 40.275 345.408
006303 0.0137642 463.783 -23.1774 536.424 33.097
006303 0.0129347 463.011 343.793 536.979 399.892
006303 0.0121056 476.339 -14.3138 523.299 23.9804
006303 0.0112705 476.255 352.271 523.513 389.332
006310 0.0109021 -27.332 -20.8607 40.9406 29.8466
006317 0.0143906 242.829 112.047 432.231 359.953
006331 0.0105032 -27.575 -19.8781 41.6094 29.7172
006332 0.0136092 313.696 177.912 360.522 209.94
006333 0.0164242 24.9853 65.137 67.2425 101.864
006361 0.992959 293.938 123.63 448.785 271.982
006361 0.39095 197.078 90.369 253.805 198.289
006361 0.0170279 334.093 100.381 446.866 221.38
006361 0.0107194 373.243 125.499 440.243 253.637
006364 0.768396 73.3463 131.118 475.937 340.997
006365 0.995365 69.1732 74.1276 431.65 315.461
006365 0.0594082 337.153 129.102 487.324 303.774
006368 0.946501 80.6573 53.3149 390.054 324.055
006368 0.0174605 179.451 12.4534 342.176 254.898
006378 0.149878 274.338 175.682 370.434 280.525
006378 0.0504129 157.069 175.527 216.207 262.386
006378 0.0154905 149.058 107.144 203.853 178.859
006379 0.011323 214.421 112.685 286.464 188.626
006401 0.999191 267.518 177.875 401.534 276.904
006401 0.294001 135.781 190.367 192.776 260.024
006401 0.206918 37.7423 210.528 74.3371 260.713
006401 0.164201 70.5369 205.508 107.24 251.5
006401 0.137224 95.4469 206.074 133.725 255.086
006401 0.108092 112.236 201.226 168.454 261.047
006401 0.0427326 57.2087 211.908 86.3976 255.863
006401 0.0278246 81.9573 194.239 111.816 243.269
006401 0.0247596 108.254 190.258 143.885 247.659
006401 0.0173363 120.421 180.1 156.794 233.122
006401 0.0158628 314.508 180.163 398.006 240.494
006401 0.0141782 148.523 208.858 183.177 257.731
006401 0.012862 279.442 184.538 355.425 249.293
006401 0.012727 46.0018 195.324 99.3585 249.492
006413 0.0286003 26.3468 75.2182 215.747 475.519
006414 0.621633 62.663 3.58684 415.348 332.323
006414 0.134022 231.482 6.18996 474.447 328.43
006414 0.0124715 -27.9674 320.838 40.1272 344.806
006414 0.012394 300.231 6.99783 492.052 198.204
006416 0.0152294 -27.0724 307.565 40.5414 359.106
006416 0.0149136 -28.0531 -20.9246 41.0905 29.8336
006416 0.0109938 475.917 -13.3821 523.702 21.5342
006416 0.0106617 463.173 -20.8298 537.004 29.6495
006464 0.0133242 -27.8921 -23.1622 41.3313 33.5343
006464 0.011563 -28.8782 346.077 40.4061 404.623
006469 0.0274475 49.4044 201.42 384.704 298.488
006478 0.58868 398.12 188.356 469.531 240.367
006478 0.0564447 21.0889 170.891 90.8494 222.198
006478 0.021903 330.69 186.126 389.258 237.607
006478 0.0205218 49.7016 168.668 95.1749 205.373
006478 0.014864 151.41 175.24 188.747 206.636
006489 0.0107495 463.02 308.281 537.196 358.703
006489 0.0100449 468.552 321.398 529.635 344.353
006498 0.0210337 -21.7493 462.975 30.7278 539.075
006498 0.0101085 -8.07629 464.766 17.808 533.396
006511 0.0514144 -2.22759 4.16684 382.115 337.712
006521 0.725738 212.281 176.032 287.135 343.546
006522 0.980384 5.10386 98.8129 509.177 373.814
006522 0.0234851 19.3199 111.053 133.848 379.539
006540 0.999171 74.4527 185.485 263.159 382.9
006540 0.0161262 111.091 146.042 211.846 353.946
006555 0.580643 -0.476047 26.2942 485.143 348.372
006566 0.159544 36.9722 1.2045 198.842 239.554
006574 0.0103494 -27.7557 -23.8471 40.6127 33.5846
006580 0.0507895 371.681 231.214 414.041 280.484
006580 0.0238909 115.012 226.118 190.565 298.104
006580 0.0166045 -3.48049 256.463 51.1897 376.396
006580 0.0140145 420.204 192.233 480.028 269.793
006580 0.0100778 124.477 215.637 225.906 317.323
006586 0.999568 68.2812 151.439 454.572 324.914
006586 0.0239145 177.236 102.658 396.624 307.396
006586 0.0207584 351.941 213.196 470.337 283.026
006586 0.0141007 289.255 174.864 453.96 289.929
006586 0.0123871 373.61 165.897 448.006 270.427
006586 0.0107227 335.694 235.594 446.764 302.489
006589 0.0172918 238.833 130.361 336.665 214.315
006591 0.142925 211.163 178.16 355.518 327.985
006594 0.614258 60.2976 163.431 242.736 371.758
006600 0.0110284 373.308 96.9537 436.325 167.473
006623 0.843986 98.2545 105.901 258.152 438.434
006623 0.101712 28.8053 116.715 200.372 416.307
006623 0.0117598 167.169 84.3379 270.012 394.247
006629 0.0125121 27.3152 124.324 57.6442 221.41
006649 0.346138 292.074 220.279 365.988 323.663
006659 0.016756 225.555 202.44 381.769 371.837
006669 0.0152761 4.09372 128.856 61.7571 206.208
006672 0.848327 66.9393 26.9965 207.748 219.158
006672 0.0163892 103.883 20.0304 185.389 174.365
006672 0.0150219 86.2156 117.479 178.366 205.917
006713 0.0110356 103.317 154.894 262.831 498.351
006728 0.191751 234.117 26.2616 477.367 352.909
006728 0.068784 124.54 80.5883 266.699 328.542
006728 0.0111033 139.079 51.0924 384.869 321.512
006749 0.0101763 -27.6559 -23.7091 41.1453 33.8311
006756 0.105494 84.1188 175.179 198.215 461.335
006756 0.0116512 108.237 166.618 202.608 297.324
006763 0.0111157 440.227 136.965 507.511 199.62
006767 0.0287976 195.298 217.341 297.374 322.759
006776 0.0248306 188.619 1.43172 258.427 55.3504
006776 0.0234533 292.435 103.654 355.439 164.236
006776 0.0207575 25.1572 4.69087 92.0179 60.7982
006776 0.0100227 275.984 149.696 342.573 211.311
006779 0.997225 -0.953868 51.7796 479.54 296.011
006788 0.0175774 70.8868 98.5706 218.013 371.569
006793 0.848541 113.499 40.4822 195.302 208.664
006793 0.0157452 96.4701 70.94 166.403 211.974
006793 0.0139239 125.044 98.6425 164.695 196.228
006793 0.0116781 125.957 110.302 217.363 189.823
006793 0.0107638 111.968 97.5388 148.833 196.131
006798 0.0114271 -20.3098 463.247 31.1541 539.147
006811 0.959251 107.154 47.5723 193.221 215.005
006826 0.0174244 108.979 144.965 174.793 208.941
006826 0.0103086 462.94 347.02 536.475 404.499
006837 0.0161619 -28.4345 296.523 40.6212 345.082
006846 0.0342942 112.427 99.3539 324.604 467.695
006863 0.99785 142.227 136.643 333.971 265.647
006863 0.925596 255.102 143.536 412.243 277.201
006863 0.27224 378.657 136.039 489.727 262.921
006863 0.0589786 327.011 133.707 441.17 253.526
006863 0.0537381 399.284 114.929 465.093 220.326
006863 0.0320536 212.9 122.634 367.674 245.058
006863 0.0246546 358.466 124.817 417.191 238.324
006863 0.0243803 164.739 132.63 289.805 205.346
006863 0.0206838 141.629 151.995 204.927 264.828
006863 0.0168454 368.759 178.681 462.294 273.175
006863 0.0128857 126.344 147.191 179.201 257.966
006863 0.0125087 72.9661 142.626 263.941 238.529
006863 0.0120808 301.962 130.731 412.94 203.67
006873 0.997675 18.8845 94.5292 426.85 348.603
006873 0.0569735 172.348 57.1034 359.524 235.961
006875 0.982726 122.71 103.995 258.556 423.936
006875 0.0168558 140.479 248.085 240.602 438.057
006881 0.243355 93.8765 9.50015 489.419 333.55
006885 0.0138 278.383 168.542 322.329 211.698
006897 0.998401 77.4389 97.7759 386.405 442.961
006897 0.0101757 79.0675 351.282 152.127 421.962
006926 0.0139603 294.157 117.896 364.8 196.659
006936 0.992982 123.192 152.198 389.723 338.316
006936 0.149085 193.39 71.7167 341.133 314.579
006982 0.810844 216.542 125.193 278.819 224.967
006982 0.0223179 326.341 102.491 357.251 152.414
006982 0.0143888 261.116 144.101 495.808 324.927
007005 0.0109679 47.9692 173.265 318.304 423.618
007013 0.0509048 293.095 129.527 362.619 187.282
007013 0.0118434 462.622 308.391 536.823 359.094
007024 0.0128773 109.419 120.304 185.408 204.788
007028 0.0331863 104.827 146.945 382.812 359.466
007044 0.0326649 133.176 187.522 210.627 410.669
007055 0.890853 63.991 51.0868 432.492 347.656
007060 0.01169 188.469 203.128 252.596 281.172
007067 0.0200599 229.942 170.141 274.9 253.968
007067 0.0136606 214.309 170.329 256.968 251.39
007069 0.219171 153.841 147.658 212.554 195.615
007069 0.0424357 91.8856 123.092 182.996 186.224
007069 0.0398348 367.26 180.963 439.21 232.13
007082 0.012081 -27.4891 -23.7156 40.8884 33.4275
007082 0.0111192 476.038 -14.9439 523.594 24.3497
007082 0.011097 463.415 -23.3942 536.947 33.5835
007083 0.0197774 22.1672 135.501 247.579 387.324
007118 0.92858 25.6292 88.954 320.18 327.662
007118 0.104854 397.149 47.6757 446.246 163.891
007118 0.0168954 185.753 90.2928 325.972 306.962
007120 0.0121922 463.181 309.687 537.44 360.696
007120 0.0103111 476.139 317.332 523.827 351.808
007124 0.0193885 18.2372 76.9407 180.818 472.412
007127 0.021853 3.24771 194.166 41.3161 297.945
007134 0.99828 24.5445 77.5928 431.91 343.636
007134 0.439438 388.958 121.124 481.178 307.061
007134 0.247076 246.229 77.9697 457.578 342.772
007134 0.0726911 419.584 104.93 473.199 261.49
007134 0.0303114 406.598 142.787 542.213 290.253
007134 0.0273888 148.735 55.3264 376.797 269.853
007134 0.012363 368.558 182.675 423.697 320.139
007136 0.0101904 236.549 53.6776 344.296 298.59
007137 0.0105083 417.843 125.555 495.91 182.232
007158 0.699482 35.2597 89.8349 380.126 490.638
007169 0.0854604 225.766 163.146 262.195 219.425
007170 0.0104556 -29.0924 321.509 40.4211 345.743
007171 0.012055 -28.3478 320.844 41.6165 344.669
007181 0.0584822 115.338 169.241 265.736 300.48
007181 0.0107198 15.4958 45.1534 48.7351 88.703
007190 0.0192176 35.1355 46.4719 416.21 330.27
007198 0.0179113 104.696 35.7467 267.909 282.493
007198 0.014996 248.061 120.427 381.053 297.471
007198 0.0134141 0.515115 42.9451 91.1539 275.3
007201 0.0529742 154.739 91.1835 275.245 323.689
007209 0.0132694 54.037 28.0735 259.444 411.578
007229 0.996372 7.04575 28.3315 286.347 220.809
007231 0.121124 102.835 89.2543 389.79 250.899
007235 0.012663 170.417 35.2613 338.864 255.845
007252 0.984397 190.872 104.222 491.209 333.419
007252 0.0370413 238.505 155.589 585.106 397.829
007252 0.0129818 46.25 56.5647 199.109 345.081
007252 0.0104929 192.612 128.17 333.797 315.489
007253 0.704463 114.788 141.37 218.584 422.192
007253 0.0471484 122.058 254.562 203.083 443.859
007253 0.0106812 118.24 325.045 176.642 447.824
007253 0.0106759 74.5448 226.84 181.09 437.559
007253 0.0103719 122.204 219.141 169.383 405.63
007265 0.0640408 44.441 14.742 358.826 302.135
007293 0.993907 41.6736 82.4007 427.458 311.53
007293 0.0353913 186.753 133.286 391.376 319.813
007293 0.0251691 188.736 28.643 249.773 112.051
007293 0.0200284 57.3017 124.983 239.9 300.808
007293 0.0180439 431.258 8.64436 484.908 69.0994
007293 0.0105411 163.525 45.6922 386.409 225.868
007303 0.974642 96.8716 173.75 218.194 426.677
007310 0.896965 58.76 107.429 251.381 435.879
007310 0.110508 156.397 229.668 245.678 395.624
007310 0.0829524 132.626 128.764 233.555 399.716
007310 0.053873 183.954 281.744 250.043 389.834
007310 0.0180664 103.177 250.936 203.227 418.037
007310 0.0164897 143.869 301.238 232.177 382.878
007310 0.01493 176.628 200.065 226.664 370.497
007313 0.0193127 26.3985 48.2638 367.709 481.356
007317 0.0166458 170.46 11.9298 318.672 166.566
007324 0.0100035 96.7771 206.306 431.802 374.809
007328 0.012112 -16.3767 399.84 23.3982 466.054
007338 0.0332873 308.679 132.413 508.068 329.987
007342 0.0231269 143.949 329.833 303.404 374.445
007345 0.011457 77.8961 118.387 136.449 256.314
007352 0.0285542 403.523 193.409 467.051 222.071
007392 0.960826 97.1597 164.365 237.166 472.144
007392 0.0131148 134.068 287.232 226.732 474.021
007392 0.0116077 -5.34867 122.3 239.765 392.396
007397 0.0106768 -17.9183 -31.9601 26.9485 44.7024
007406 0.0137795 388.056 280.043 456.282 351.285
007406 0.0121202 177.851 311.357 207.348 373.581
007412 0.988144 11.7901 13.9643 479.256 338.894
007412 0.108083 193.843 -7.90216 481.496 246.552
007412 0.0415874 10.1149 92.224 258.978 319.324
007412 0.0414424 6.26316 127.991 148.23 332.262
007412 0.0124687 21.5407 104.449 100.598 171.706
007428 0.0115096 70.2019 19.1579 269.58 216.655
007434 0.0620323 98.9581 -5.66278 489.289 370.479
007450 0.011442 335.012 156.772 469.891 300.457
007452 0.077219 18.6331 186.767 196.52 318.511
007462 0.0148537 167.6 31.5824 211.405 131.987
007509 0.958158 23.5071 71.4589 246.221 359.962
007515 0.0121304 83.1425 39.6818 201.064 242.297
007516 0.0203758 290.426 148.235 503.727 341.925
007542 0.0160765 -27.7405 -23.201 41.0579 33.8229
007550 0.026774 -7.73359 17.1059 317.443 488.269
007554 0.030197 418.222 176.247 463.807 214.904
007554 0.015931 18.8636 180.358 74.5282 233.758
007560 0.0118083 308.794 151.125 489.478 360.534
007560 0.0103787 436.341 206.732 496.724 279.611
007577 0.0117992 -27.3047 -17.2335 40.9602 25.2513
007591 0.0140664 308.698 -31.3197 357.146 44.7461
007591 0.0129901 311.442 -12.4891 354.526 25.605
007595 0.0125697 -28.0743 308.73 40.6381 359.574
007595 0.0100615 -27.3967 -20.5073 41.2527 29.2948
007596 0.0991442 346.687 92.4068 428.976 180.85
007596 0.0495166 191.982 71.9213 251.103 169.022
007596 0.0365994 65.1291 74.2339 186.339 177.235
007596 0.0147536 219.957 75.105 288.279 178.515
007596 0.0137575 246.27 81.3092 300.038 167.353
007597 0.0164391 -1.64746 229.398 90.3757 331.099
007599 0.0112933 8.04373 142.689 253.041 285.809
007602 0.0549435 281.995 143.191 511.471 379.719
007609 0.553223 45.3702 239.575 243.976 431.533
007616 0.998781 71.3918 103.774 439.753 349.68
007620 0.9778 86.5755 152.572 258.801 462.982
007620 0.0864371 245.293 292.26 313.246 455.735
007620 0.019811 227.189 284.603 268.628 450.739
007620 0.0166721 99.9005 108.498 248.634 317.217
007620 0.0124375 167.953 252.966 251.708 454.031
007620 0.0112948 216.323 212.463 290.133 460.462
007623 0.803001 99.4948 38.7364 217.873 205.397
007627 0.0477142 25.2653 131.681 168.674 345.134
007628 0.0104028 462.454 347.084 536.894 404.58
007636 0.867921 105.391 141.921 229.689 477
007636 0.0167948 108.504 275.025 207.586 461.808
007658 0.0118179 293.001 91.784 431.017 328.614
007669 0.0114786 -27.4648 -23.8426 40.9024 35.0081
007676 0.0173217 59.4127 240.811 82.1062 271.997
007703 0.0461804 128.854 51.2862 240.07 215.534
007706 0.0128779 104.878 59.3114 359.94 310.366
007707 0.0382055 23.8933 160.861 160.117 293.221
007719 0.0134029 151.878 156.348 183.156 241.165
007725 0.0151274 156.184 204.292 335.659 346.047
007741 0.0172026 225.316 173.226 323.371 232.493
007750 0.981812 95.0342 89.4341 306.534 457.357
007750 0.0562815 110.051 167.128 211.353 488.872
007750 0.0132486 121.466 284.42 184.943 480.284
007766 0.998609 19.1219 93.0607 421.76 329.889
007766 0.0226381 170.775 45.3257 332.882 222.456
007769 0.0298702 169.877 208.038 351.212 443.51
007774 0.12719 -0.05427 30.7894 343.368 359.37
007774 0.0140156 254.667 279.535 405.044 375.317
007789 0.0350475 132.388 154.464 165.581 225.977
007789 0.0208087 187.047 148.021 219.271 220.961
007789 0.0196262 225.388 162.773 246.549 217.132
007792 0.0811391 73.562 178.574 122.039 263.449
007805 0.0831036 127.786 -10.1337 340.997 375.473
007806 0.012268 217.651 236.395 284.162 295.245
007816 0.0124838 463.466 307.176 537.281 358.017
007816 0.0105407 468.36 320.188 530.813 343.773
007848 0.013096 227.476 56.7553 443.371 342
007851 0.0182325 99.9132 92.3428 395.239 238.084
007860 0.0129361 96.9233 185.342 308.91 339.224
007874 0.860271 165.958 3.45815 309.06 321.44
007874 0.0516646 46.9801 17.9352 311.565 231.919
007874 0.0207893 226.636 15.9431 321.73 259.278
007874 0.0144473 119.989 79.7497 283.699 268.289
007879 0.0306241 68.9796 11.7534 442.604 272.511
007882 0.152406 38.9485 45.573 97.5652 104.995
007882 0.0170812 119.863 43.2511 193.246 101.015
007882 0.0133007 65.9704 35.0949 138.803 95.4609
007887 0.0106685 467.909 -7.75842 530.267 16.0649
007887 0.0104439 463.36 -20.1153 536.544 28.8549
007891 0.0134166 -18.6549 -31.4683 27.0435 46.6114
007894 0.0226672 274.509 130.488 340.363 190.797
007894 0.0129031 349.844 140.483 421.902 198.315
007895 0.0109602 303.628 38.0369 503.315 364.726
007904 0.0112612 320.224 122.694 349.874 179.841
007907 0.0114879 34.1124 64.3745 269.743 189.491
007941 0.0404495 1.34835 0.709742 396.075 501.608
007960 0.0118641 126.47 152.088 180.362 176.442
007966 0.0103771 -25.9164 336.242 36.7678 361.415
007966 0.0101497 -25.3443 -22.0113 36.825 31.732
007969 0.0147563 135.013 151.407 217.841 391.679
007969 0.0140682 114.112 308.345 168.885 391.771
007969 0.0133073 207.941 332.345 258.184 420.379
007972 0.982528 -14.8422 72.9412 290.53 292.68
007972 0.962706 238.839 54.021 465.666 272.963
007972 0.303848 80.5829 61.6381 407.67 265.225
007972 0.0616315 269.157 37.6014 423.8 199.112
007972 0.0207398 242.349 53.2006 365.507 228.593
007975 0.978068 6.35336 26.0975 372.373 357.195
007977 0.0220984 -29.0019 347.082 40.8631 404.253
007977 0.0104322 -10.7634 348.436 23.8075 400.234
007986 0.0112334 -20.4292 -31.596 30.5104 44.5497
007986 0.0101439 -20.5409 463.576 29.9957 539.794
007992 0.0120861 305.998 205.539 371.126 262.795
008000 0.0311472 245.413 198.045 371.233 298.865
008000 0.0205909 105.17 137.322 230.475 298.89
008010 0.067699 218.2 71.0233 331.036 194.754
008027 0.942355 7.85769 245.68 175.108 497.515
008035 0.0694163 28.1644 374.111 193.67 487.48
008046 0.0158012 169.982 218.686 320.532 355.978
008046 0.0149559 80.7073 230.597 135.946 306.191
008059 0.928142 102.642 40.9323 209.905 197.697
008074 0.0209537 60.7295 276.261 321.388 480.392
008078 0.408591 248.414 259.755 366.233 348.036
008081 0.126938 55.5851 116.542 295.339 317.071
008090 0.0666282 427.915 154.783 475.325 195.2
008090 0.020261 124.632 177.338 360.37 343.83
008097 0.0438857 167.204 62.9223 356.994 279.197
008104 0.0251765 429.322 199.337 494.786 273.161
008109 0.998234 61.0751 132.822 252.789 311.686
008109 0.960432 249.146 140.229 441.682 267.6
008109 0.183872 141.507 132.446 379.231 278.233
008109 0.0701141 223.985 147.032 290.147 288.47
008109 0.0151168 265.175 147.005 350.424 268.736
008109 0.0124892 164.501 140.405 278.34 269.92
008111 0.0356929 26.085 21.4097 275.727 291.838
008111 0.0129845 41.7712 94.7098 188.886 419.319
008120 0.0163959 41.3884 76.8452 380.312 424.068
008124 0.997645 202.498 80.1153 476.095 288.932
008124 0.0110522 263.832 67.5264 429.37 216.668
008128 0.016656 106.141 92.0912 351.97 266.298
008143 0.0157267 -27.8623 -21.3817 41.1567 30.6216
008143 0.0134161 463.517 -21.4278 536.712 30.4228
008143 0.0133296 463.199 316.69 536.667 368.761
008143 0.0125798 467.625 -8.60814 532.387 17.3378
008143 0.0115524 467.577 329.713 531.356 354.473
008146 0.0163376 -21.3819 462.823 30.227 539.689
008147 0.996676 43.5869 46.4038 251.094 191.56
008147 0.026658 90.4088 33.2861 198.937 139.357
008157 0.199858 263.331 121.541 462.647 328.818
008157 0.0310999 388.944 122.524 496.192 325.888
008167 0.207214 18.7864 143.036 74.1457 207.334
008183 0.994363 18.5874 43.877 281.216 279.748
008205 0.998721 80.0211 56.0931 229.371 183.327
008205 0.0522003 105.729 38.9723 213.792 141.422
008215 0.023037 14.6889 93.6785 46.8528 140.725
008227 0.0136832 329.194 158.397 446.609 327.454
008228 0.966337 11.3863 21.1392 325.249 306.038
008239 0.0132574 -27.8552 -23.6065 40.9056 33.5784
008239 0.0106483 475.834 -14.7204 524.503 24.2488
008255 0.0177459 38.0834 147.285 194.752 397.039
008256 0.998548 54.108 73.6541 370.016 406.921
008256 0.015609 143.418 58.2276 297.483 264.769
008256 0.0131848 24.3954 101.222 114.437 379.631
008259 0.976565 222.924 104.721 443.131 359.316
008259 0.020164 89.1485 108.122 256.289 308.947
008277 0.0111909 -25.2112 289.1 36.615 310.512
008298 0.549596 69.1707 76.8958 371.151 259.489
008298 0.274094 335.708 91.6234 524.01 294.245
008298 0.10486 7.65278 84.3982 223.254 232.499
008298 0.0372692 250.915 61.6248 477.086 286.285
008303 0.992506 86.6018 92.0695 414.343 350.264
008303 0.0447589 175.038 63.049 361.518 243.473
008314 0.997279 181.695 103.502 443.73 297.21
008344 0.0251363 338.016 202.491 410.356 272.105
008348 0.0101501 128.462 48.9545 319.253 221.9
008354 0.998973 91.1343 88.7181 359.23 268.332
008356 0.0110447 463.875 -23.1803 537.047 32.4982
008356 0.0107378 469.055 -9.14934 530.561 18.2534
008358 0.475634 145.817 38.2591 362.673 274.338
008362 0.0562043 7.50661 14.9623 402.823 327.212
008377 0.0205744 -28.7507 346.235 41.4107 404.261
008399 0.997176 77.2307 137.28 411.704 436.899
008399 0.0719436 140.241 110.754 336.122 345.259
008399 0.0158456 74.1895 169.437 179.51 457.215
008401 0.0144477 253.25 76.5778 412.17 243.165
008404 0.0181948 -28.6019 347.321 40.9562 404.629
008418 0.0700109 267.079 39.267 309.558 71.9459
008418 0.0302098 148.641 59.7521 188.687 106.564
008418 0.010838 8.06299 65.8214 314.793 373.819
008436 0.0174723 -28.1432 346.804 40.4308 404.432
008436 0.0140168 463.017 347.179 536.483 404.386
008436 0.0135217 463.615 -23.4681 536.549 33.5183
008436 0.0122908 467.707 -9.33967 532.191 18.9981
008436 0.0120798 467.854 361.767 531.072 388.622
008436 0.0100602 482.684 348.803 516.91 400.321
008441 0.0324718 96.9138 30.6244 480.873 311.452
008455 0.0205202 66.0951 227.465 261.331 426.303
008469 0.0127828 -28.1577 347.743 40.7866 404.964
008476 0.204958 45.4246 339.054 175.515 448.389
008476 0.0932093 140.031 336.621 230.048 448.069
008480 0.0116343 25.5471 234.246 67.4263 322.511
008491 0.156994 265.474 183.756 330.502 232.339
008496 0.0100534 110.627 24.1766 204.273 40.8451
008501 0.0292188 164.199 295.617 193.19 329.607
008501 0.0208751 147.91 295.331 181.332 330.334
008501 0.0148715 187.226 300.259 212.418 342.915
008501 0.0117435 203.697 307.018 230.358 344.095
008527 0.191658 195.299 140.969 338.279 365.532
008527 0.144141 294.198 122.428 506.848 331.876
008527 0.0427725 1.7629 125.865 43.1466 299.887
008527 0.0332842 76.33 102.623 234.22 225.801
008527 0.0188695 83.3696 135.316 282.821 370.031
008527 0.0106925 -8.97108 127.431 59.9454 365.221
008555 0.0153896 -22.7197 462.777 32.7287 539.256
008561 0.0143816 -27.1723 346.738 40.3631 404.94
008574 0.648314 85.8177 263.021 298.125 492.549
008574 0.0180407 111.339 201.184 232.893 470.671
008579 0.0133748 233.902 250.61 294.103 331.631
008589 0.039175 175.901 88.6633 354.636 191.236
008593 0.988482 40.5146 126.973 195.572 266.605
008593 0.919648 201.567 118.088 341.757 246.532
008593 0.658356 271.788 118.404 387.408 242.833
008593 0.375514 427.61 141.253 474.964 239.144
008593 0.324731 327.499 128.956 412.269 240.935
008593 0.15722 106.327 121.699 244.047 263.455
008593 0.0896527 430.174 173.144 460.646 244.184
008593 0.0718981 146.081 137.711 302.937 255.041
008593 0.0691861 35.8379 126.753 95.9179 249.104
008593 0.0501521 260.889 119.07 327.679 235.055
008593 0.0472041 362.715 129.823 452.672 231.999
008593 0.0458052 288.426 132.746 346.884 253.368
008594 0.0203268 52.6901 -11.1328 464.924 318.245
008599 0.0288307 56.6672 22.6521 244.249 481.869
008603 0.0366145 37.5658 145.895 327.333 421.31
008605 0.265081 127.847 127.877 184.439 221.501
008605 0.216572 56.669 134.187 159.646 222.097
008605 0.0609724 207.326 118.12 295.62 227.215
008605 0.0167438 123.915 84.285 158.639 143.57
008605 0.0122771 83.2407 112.503 195.961 202.915
008605 0.0112781 151.116 120.485 254.337 218.916
008616 0.0182708 -28.5546 308.626 40.8545 359.127
008616 0.0116283 462.133 307.927 536.618 358.668
008616 0.0106573 475.94 315.764 523.565 349.551
008630 0.0100496 -29.5345 307.125 39.6848 359.926
008652 0.0119366 -21.2529 481.417 31.0202 517.742
008669 0.0128743 37.3831 144.649 106.212 192.874
008737 0.0158654 -29.0572 307.623 40.4688 359.755
008745 0.0586399 20.8183 160.732 122.68 319.837
008745 0.0151123 50.3269 252.712 118.366 312.808
008758 0.0681019 167.981 109.024 233.92 175.387
008758 0.047705 199.21 57.6612 253.613 85.3034
008758 0.0100138 44.9269 78.6537 101.116 107.337
008786 0.338674 219.922 163.495 361.567 265.161
008786 0.150842 57.781 161.368 111.504 241.805
008786 0.0343397 379.561 127.709 486.475 224.814
008786 0.0132869 91.7451 160.583 141.865 241.653
008802 0.985324 88.7599 26.7398 227.029 215.112
008802 0.0585857 89.8108 53.0947 159.156 208.981
008802 0.013607 108.224 11.2516 204.592 130.044
008804 0.592621 102.592 34.1756 193.093 200.734
008807 0.0141497 251.599 64.2331 318.988 207.747
008812 0.099912 13.1537 207.987 395.457 374.142
008812 0.0257834 305.459 23.7285 473.017 349.105
008818 0.0553313 55.7593 22.2619 470.43 382.778
008829 0.0137659 -28.4426 308.705 40.752 359.572
008829 0.0131959 -28.0683 -20.8763 41.2187 30.1659
008839 0.0108136 312.747 78.2109 431.574 303.009
008845 0.0109307 29.5595 57.154 460.849 363.75
008853 0.0161672 117.546 200.286 323.496 326.01
008863 0.39285 252.807 210.009 289.573 263.071
008863 0.112484 62.8901 237.187 132.097 299.082
008863 0.0986107 441 214.178 479.02 270.442
008863 0.0478793 221.967 201.363 282.812 262.086
008863 0.0458544 193.778 237.157 247.754 297.252
008863 0.0458277 310.667 210.565 374.103 264
008863 0.019426 341.937 214.901 393.376 266.615
008863 0.0110419 86.2886 224.918 155.311 294.577
008881 0.0506399 277.763 102.096 349.385 209.096
008882 0.859232 87.0293 113.358 225.626 431.653
008882 0.0672653 86.1252 185.631 162.124 467.192
008882 0.0472386 86.6356 255.761 133.342 443.911
008882 0.0132957 98.0776 225.769 147.41 411.525
008893 0.0106904 29.2818 86.1422 119.985 137.401
008896 0.0204858 300.12 125.261 380.691 185.057
008898 0.0726625 -2.18008 40.016 275.645 373.902
008899 0.997849 77.2398 39.0177 387.243 347.258
008907 0.0692228 49.5097 13.4746 437.067 355.94
008912 0.0147508 280.816 184.127 318.31 240.306
008946 0.0173847 -27.4453 309.252 42.0474 362.212
008946 0.0146656 463.312 310.911 536.383 362.279
008946 0.0123455 468.005 324.085 530.853 348.296
008946 0.0119644 -27.9747 -21.0385 41.0459 30.5722
008946 0.0103551 482.738 312.314 516.903 359.095
008959 0.0703928 71.4778 81.8717 390.152 405.971
008959 0.0524281 1.07828 271.332 149.477 370.464
008964 0.0333913 5.86328 93.509 300.011 342.433
008992 0.0114871 20.3622 103.047 323.731 376.046
009014 0.0570849 74.8897 40.0143 100.82 81.0522
009028 0.0135064 158.169 22.7838 331.506 292.922
009046 0.862712 74.4616 144.881 406.702 488.531
009055 0.0124568 -28.0112 -20.842 40.9906 29.6111
009056 0.011768 147.997 146.031 216.819 195.59
009056 0.010352 151.415 138.47 178.919 189.995
009065 0.0101845 216.134 201.973 287.839 269.149
009067 0.999027 92.5944 102.909 439.211 404.661
009067 0.0279695 79.561 129.003 178.73 411.201
009074 0.0195443 172.351 134.129 281.257 313.368
009082 0.270912 0.281751 101.683 265.986 336.957
009084 0.100629 135.863 85.9464 227.158 209.218
009088 0.010699 62.8553 5.07487 484.795 379.765
009101 0.962883 13.628 86.9029 321.185 319.978
009101 0.516797 338.573 116.126 482.578 318.693
009101 0.0220267 146.072 126.107 353.33 317.191
009101 0.0138909 246.066 138.118 432.963 315.862
009101 0.0117995 206.362 221.383 320.985 321.253
009102 0.0461407 299.991 152.521 360.963 205.217
009119 0.010171 -27.8542 360.765 37.8303 387.883
009125 0.034794 127.717 185.025 369.107 359.512
009130 0.9865 42.323 131.795 359.912 455.701
009130 0.0127453 142.999 59.7192 305.095 419.167
009132 0.0154494 -27.8308 -20.9277 41.178 29.8258
009132 0.0114562 463.385 -20.7904 536.897 29.8968
009132 0.011177 475.912 -13.3275 523.635 21.7362
009146 0.011087 -27.9258 -23.5606 40.8323 33.7504
009146 0.0108357 156.568 77.9304 350.015 338.26
009152 0.0121218 13.7175 165.199 188.322 317.407
009164 0.0441356 226.489 348.851 288.068 423.072
009165 0.015788 186.283 -3.05857 250.906 52.1875
009169 0.0122708 133.947 137.55 204.094 190.308
009170 0.0269836 148.251 147.204 203.287 242.551
009170 0.0249379 110.106 134.174 150.978 176.15
009201 0.0100352 463.193 -20.8453 536.808 29.9975
009217 0.0161387 -28.577 308.662 40.8634 359.388
009217 0.0100044 78.558 49.0329 150.269 99.3615
009223 0.0870474 61.5548 194.146 224.861 310.887
009223 0.0283492 295.363 83.7038 332.422 175.509
009231 0.98207 34.8404 64.3679 442.165 334.332
009231 0.257353 3.21228 74.5827 234.114 329.11
009231 0.103712 195.179 67.5259 417.249 289.348
009231 0.0232199 225.922 72.056 449.144 194.579
009233 0.0467533 152.71 52.2183 326.671 314.1
009235 0.0671888 80.3668 363.065 142.422 492.759
009235 0.0109076 56.2487 389.797 126.477 478.533
009237 0.0108351 111.839 196.531 203.061 443.82
009240 0.0152417 267.976 129.443 516.873 380.323
009241 0.0455412 454.135 104.1 493.062 171.495
009241 0.0117081 65.0291 141.983 133.567 192.168
009264 0.0104139 171.548 101.917 495.687 363.258
009301 0.806062 159.651 86.6169 501.775 366.567
009322 0.0166998 308.568 270.797 343.813 321.099
009332 0.0739498 158.568 290.35 232.728 393.998
009332 0.0349494 226.747 241.896 325.806 360.196
009369 0.982704 69.2784 30.4048 266.868 191.557
009369 0.448345 100.927 18.0389 241.354 126.471
009370 0.0182917 78.9628 120.368 223.77 334.16
009376 0.0101554 430.02 148.046 491.457 218.394
009380 0.996335 21.8886 67.998 390.534 320.099
009380 0.0684012 157.709 49.9319 350.001 223.607
009383 0.382301 -2.50715 -2.32352 498.978 370.477
009400 0.183204 349.981 127.713 426.483 265.315
009423 0.0106947 241.457 256.46 305.877 308.086
009442 0.0121247 463.387 -20.7544 536.89 29.7157
009442 0.0116217 476.006 -13.2142 523.594 21.6652
009444 0.0138218 -29.0182 345.627 39.3033 405.792
009444 0.0125819 463.266 347.165 536.78 404.163
009444 0.011098 468.353 361.77 530.054 388.303
009444 0.0102001 -25.9595 362.382 38.4717 388.521
009450 0.0366855 187.753 158.898 220.309 226.996
009450 0.0157155 177.163 115.712 273.761 212.855
009450 0.0152116 240.206 174.689 364.54 321.894
009450 0.0136661 158.94 139.881 212.727 233.056
009450 0.0124103 1.34007 155.303 48.0553 246.116
009467 0.010615 76.8555 190.525 312.582 382.523
009473 0.0160125 -27.9315 -23.5834 41.2525 33.4683
009473 0.0103853 468.739 -9.25575 530.706 18.4446
009482 0.0183351 426.364 96.6703 492.055 156.043
009489 0.0104589 172.599 122.288 290.156 241.79
009505 0.999286 98.5929 121.304 334.294 397.821
009505 0.205732 151.365 66.2053 308.781 306.948
009509 0.0127935 266.065 45.2065 459.714 165.713
009511 0.0105287 -27.9394 -22.8729 42.0566 33.8902
009514 0.0114181 438.865 211.981 497.087 368.14
009525 0.997929 48.8695 115.484 343.191 446.238
009525 0.0243304 115.954 84.8501 288.835 348.522
009535 0.879926 197.457 101.629 397.114 330.493
009535 0.0377873 280.295 71.8767 464.625 313.966
009535 0.0112822 213.301 45.5943 334.238 293.308
009539 0.0481514 128.366 206.022 156.408 269.595
009539 0.0451536 85.2007 198.879 116.032 258.72
009556 0.0112945 -28.1082 347.16 40.137 405.2
009563 0.0176816 19.2437 204.045 270.084 518.479
009569 0.0333002 200.975 193.809 411.076 370.853
009569 0.0122191 217.184 302.036 460.006 372.537
009578 0.0255711 55.2233 31.6975 507.814 325.061
009581 0.0242262 234.066 196.759 300.365 263.226
009582 0.0124568 -27.8863 -23.7395 40.9588 33.5565
009628 0.0104329 -27.394 347.898 40.2932 405.43
009642 0.0132804 -8.66008 34.5862 414.7 345.702
009661 0.999016 18.2362 46.6102 388.761 334.152
009661 0.141895 160.683 47.0026 360.315 225.577
009661 0.0748029 -3.16509 121.212 90.3822 233.921
009661 0.0145365 -27.6912 146.265 70.6832 266.705
009661 0.0144965 255.131 59.4171 392.535 263.425
009661 0.0103191 -31.7801 131.896 74.1326 193.205
009665 0.0289232 72.4612 153.875 114.45 263.896
009665 0.0152111 82.4691 175.847 140.93 254.422
009665 0.0140473 66.5528 165.112 129.836 228.339
009672 0.0108134 463.631 -23.767 537.539 32.928
009672 0.0106896 476.211 -14.6591 524.224 23.9379
009677 0.0106494 462.886 -20.5597 537.5 29.3477
009722 0.13785 92.9466 181.572 215.809 369.805
009722 0.0209291 110.214 235.927 290.451 373.488
009722 0.0113445 70.3563 268.429 223.98 390.068
009730 0.0144122 249.83 73.0031 456.977 325.345
009744 0.0226665 26.8613 22.6928 125.699 207.737
009744 0.0137171 390.179 91.4383 451.268 132.921
009752 0.0472341 96.4347 143.966 401.612 333.457
009760 0.0570626 65.9902 115.814 508.638 366.842
009768 0.902207 343.392 136.63 422.812 256.116
009771 0.0607348 117.705 192.102 449.168 386.051
009803 0.997425 127.198 122.193 302.196 248.05
009803 0.0107667 140.913 84.7804 255.851 213.681
009817 0.0739957 151.916 118.296 446.891 357.677
009843 0.038534 8.16189 15.6193 372.533 484.9
009844 0.0122245 93.9161 312.751 162.272 377.78
009850 0.0105201 81.7101 191.003 266.04 414.049
009861 0.0233417 3.53628 -0.240572 212.26 206.768
009889 0.149185 141.248 155.267 348.868 265.643
009895 0.0238338 319.834 68.8958 336.523 115.839
009903 0.996619 91.3113 88.2047 406.873 315.014
009909 0.148592 304.71 170.98 374.386 234.361
009912 0.0248317 114.851 77.557 371.667 331.1
009916 0.0135931 454.075 155.076 490.262 210.975
009924 0.0272695 64.803 72.0637 376.411 481.776
009931 0.0248091 84.0716 182.392 142.63 247.334
009933 0.118027 138.66 -2.19159 516.177 394.686
009937 0.081929 58.106 90.1624 519.398 269.481
009957 0.983701 54.2698 121.588 275.897 388.989
009957 0.0494295 188.151 135.007 294.807 361.658
009957 0.0192981 209.397 262.537 302.223 390.536
009957 0.0159262 221.501 139.291 283.289 292.241
009957 0.0106885 223.034 192.662 313.859 361.43
